1.060061350758003724e-04
1.060040341090915246e-04
1.059989648656926706e-04
1.059905554048415230e-04
1.059787906270035981e-04
1.059636692967240695e-04
1.059451926360824899e-04
1.059233628122764875e-04
1.058981826017904945e-04
1.058696552902393739e-04
1.058377846357605630e-04
1.058025748532490150e-04
1.057640306064358554e-04
1.057221570032193736e-04
1.056769595924308616e-04
1.056284443612493337e-04
1.055766177328972308e-04
1.055214865644369700e-04
1.054630581445730895e-04
1.054013401914093064e-04
1.053363408501320502e-04
1.052680686906040089e-04
1.051965327048584830e-04
1.051217423044890746e-04
1.050437073179320661e-04
1.049624379876397162e-04
1.048779449671447548e-04
1.047902393180152116e-04
1.046993325067013803e-04
1.046052364012752564e-04
1.045079632680636695e-04
1.044075257681764104e-04
1.043039369539313320e-04
1.041972102651772910e-04
1.040873595255170045e-04
1.039743989384317728e-04
1.038583430833090436e-04
1.037392069113756918e-04
1.036170057415383017e-04
1.034917552561324982e-04
1.033634714965834411e-04
1.032321708589795426e-04
1.030978700895611699e-04
1.029605862801270160e-04
1.028203368633597383e-04
1.026771396080732501e-04
1.025310126143839549e-04
1.023819743088081469e-04
1.022300434392873933e-04
1.020752390701451648e-04
1.019175805769758383e-04
1.017570876414691637e-04
1.015937802461722790e-04
1.014276786691919064e-04
1.012588034788385554e-04
1.010871755282154871e-04
1.009128159497550128e-04
1.007357461497040247e-04
1.005559878025616188e-04
1.003735628454710592e-04
1.001884934725684960e-04
1.000008021292907959e-04
9.981051150664523508e-05
9.961764453544307539e-05
9.942222438049992293e-05
9.922427443480460411e-05
9.902381831365987964e-05
9.882087984879678528e-05
9.861548308246514721e-05
9.840765226150273871e-05
9.819741183138554447e-05
9.798478643026151808e-05
9.776980088297002795e-05
9.755248019504939060e-05
9.733284954673524240e-05
9.711093428695133551e-05
9.688675992729595631e-05
9.666035213602543002e-05
9.643173673203759828e-05
9.620093967885730247e-05
9.596798707862593274e-05
9.573290516609755008e-05
9.549572030264370911e-05
9.525645897026894669e-05
9.501514776563919960e-05
9.477181339412542825e-05
9.452648266386424873e-05
9.427918247983764683e-05
9.402993983797409158e-05
9.377878181927266086e-05
9.352573558395234766e-05
9.327082836562845792e-05
9.301408746551802415e-05
9.275554024667575310e-05
9.249521412826297367e-05
9.223313657985068306e-05
9.196933511575904920e-05
9.170383728943444013e-05
9.143667068786624362e-05
9.116786292604500837e-05
9.089744164146285564e-05
9.062543448865887166e-05
9.035186913380986035e-05
9.007677324936880095e-05
8.980017450875181018e-05
8.952210058107549259e-05
8.924257912594579063e-05
8.896163778829963530e-05
8.867930419330083403e-05
8.839560594129136130e-05
8.811057060279904130e-05
8.782422571360320833e-05
8.753659876985911740e-05
8.724771722328220275e-05
8.695760847639340415e-05
8.666629987782633324e-05
8.637381871769735087e-05
8.608019222303958510e-05
8.578544755330122897e-05
8.548961179590963569e-05
8.519271196190171286e-05
8.489477498162094089e-05
8.459582770048243861e-05
8.429589687480615757e-05
8.399500916771923469e-05
8.369319114512765274e-05
8.339046927175827891e-05
8.308686990727113272e-05
8.278241930244299436e-05
8.247714359542238061e-05
8.217106880805621373e-05
8.186422084228891496e-05
8.155662547663384144e-05
8.124830836271750023e-05
8.093929502189685106e-05
8.062961084194965723e-05
8.031928107383834545e-05
8.000833082854714410e-05
7.969678507399305574e-05
7.938466863201027075e-05
7.907200617540826606e-05
7.875882222510358890e-05
7.844514114732509540e-05
7.813098715089311804e-05
7.781638428457146454e-05
7.750135643449322371e-05
7.718592732165944332e-05
7.687012049951065268e-05
7.655395935157144707e-05
7.623746708916711722e-05
7.592066674921266298e-05
7.560358119207371663e-05
7.528623309949875248e-05
7.496864497262286742e-05
7.465083913004195320e-05
7.433283770595758592e-05
7.401466264839150764e-05
7.369633571747006618e-05
7.337787848377731205e-05
7.305931232677668466e-05
7.274065843330104395e-05
7.242193779610954312e-05
7.210317121251215552e-05
7.178437928305998555e-05
7.146558241030153964e-05
7.114680079760407659e-05
7.082805444803964400e-05
7.050936316333468966e-05
7.019074654288307165e-05
6.987222398282154562e-05
6.955381467516701089e-05
6.923553760701504109e-05
6.891741155979869647e-05
6.859945510860708930e-05
6.828168662156286202e-05
6.796412425925790074e-05
6.764678597424637581e-05
6.732968951059459467e-05
6.701285240348674524e-05
6.669629197888544579e-05
6.638002535324701991e-05
6.606406943328985669e-05
6.574844091581573424e-05
6.543315628758284601e-05
6.511823182522990671e-05
6.480368359525056504e-05
6.448952745401693098e-05
6.417577904785190556e-05
6.386245381314903944e-05
6.354956697653926963e-05
6.323713355510381616e-05
6.292516835663185628e-05
6.261368597992281355e-05
6.230270081513208285e-05
6.199222704415907983e-05
6.168227864107728978e-05
6.137286937260509590e-05
6.106401279861661477e-05
6.075572227269169850e-05
6.044801094270426355e-05
6.014089175144816669e-05
5.983437743729957129e-05
5.952848053491522089e-05
5.922321337596539377e-05
5.891858808990140293e-05
5.861461660475585241e-05
5.831131064797559602e-05
5.800868174728635463e-05
5.770674123158779287e-05
5.740550023187885855e-05
5.710496968221213129e-05
5.680516032067649599e-05
5.650608269040731423e-05
5.620774714062338242e-05
5.591016382768985646e-05
5.561334271620618764e-05
5.531729358011858860e-05
5.502202600385595199e-05
5.472754938348878799e-05
5.443387292791001538e-05
5.414100566003734853e-05
5.384895641803593862e-05
5.355773385656120814e-05
5.326734644802055054e-05
5.297780248385359001e-05
5.268911007583002568e-05
5.240127715736460628e-05
5.211431148484820506e-05
5.182822063899469715e-05
5.154301202620269705e-05
5.125869287993149937e-05
5.097527026209079556e-05
5.069275106444313012e-05
5.041114201001891315e-05
5.013044965454286451e-05
4.985068038787178788e-05
4.957184043544257695e-05
4.929393585973027085e-05
4.901697256171510164e-05
4.874095628235851363e-05
4.846589260408701598e-05
4.819178695228378744e-05
4.791864459678704370e-05
4.764647065339496428e-05
4.737527008537656208e-05
4.710504770498766909e-05
4.683580817499205171e-05
4.656755601018666636e-05
4.630029557893088602e-05
4.603403110467897252e-05
4.576876666751541524e-05
4.550450620569283127e-05
4.524125351717155281e-05
4.497901226116088829e-05
4.471778595966138646e-05
4.445757799900766958e-05
4.419839163141148355e-05
4.394022997650455823e-05
4.368309602288078340e-05
4.342699262963741570e-05
4.317192252791479478e-05
4.291788832243440606e-05
4.266489249303466669e-05
4.241293739620425842e-05
4.216202526661257387e-05
4.191215821863697113e-05
4.166333824788655217e-05
4.141556723272193642e-05
4.116884693577097545e-05
4.092317900543998848e-05
4.067856497742015963e-05
4.043500627618890726e-05
4.019250421650581186e-05
3.995106000490310948e-05
3.971067474117007291e-05
3.947134941983138908e-05
3.923308493161911941e-05
3.899588206493788379e-05
3.875974150732345815e-05
3.852466384689387063e-05
3.829064957379359950e-05
3.805769908162986325e-05
3.782581266890145674e-05
3.759499054041948971e-05
3.736523280872004125e-05
3.713653949546848621e-05
3.690891053285543259e-05
3.668234576498378882e-05
3.645684494924732004e-05
3.623240775769990060e-05
3.600903377841586250e-05
3.578672251684098584e-05
3.556547339713414481e-05
3.534528576349928392e-05
3.512615888150784653e-05
3.490809193941143870e-05
3.469108404944443717e-05
3.447513424911671743e-05
3.426024150249634627e-05
3.404640470148179133e-05
3.383362266706412897e-05
3.362189415057872856e-05
3.341121783494640650e-05
3.320159233590422602e-05
3.299301620322550929e-05
3.278548792192922424e-05
3.257900591347867174e-05
3.237356853696929680e-05
3.216917409030577981e-05
3.196582081136808241e-05
3.176350687916659033e-05
3.156223041498636009e-05
3.136198948352028642e-05
3.116278209399115664e-05
3.096460620126280882e-05
3.076745970693998711e-05
3.057134046045729411e-05
3.037624626015676240e-05
3.018217485435456047e-05
2.998912394239633134e-05
2.979709117570149277e-05
2.960607415879631582e-05
2.941607045033593797e-05
2.922707756411508341e-05
2.903909297006779911e-05
2.885211409525595245e-05
2.866613832484666318e-05
2.848116300307861217e-05
2.829718543421729464e-05
2.811420288349920785e-05
2.793221257806498319e-05
2.775121170788151371e-05
2.757119742665319217e-05
2.739216685272208003e-05
2.721411706995727854e-05
2.703704512863335606e-05
2.686094804629796055e-05
2.668582280862866118e-05
2.651166637027907997e-05
2.633847565571421882e-05
2.616624756003521542e-05
2.599497894979345378e-05
2.582466666379416468e-05
2.565530751388946874e-05
2.548689828576100437e-05
2.531943573969217790e-05
2.515291661133001885e-05
2.498733761243680313e-05
2.482269543163147111e-05
2.465898673512087794e-05
2.449620816742088968e-05
2.433435635206756566e-05
2.417342789231826801e-05
2.401341937184293880e-05
2.385432735540551772e-05
2.369614838953560529e-05
2.353887900319043611e-05
2.338251570840720598e-05
2.322705500094584798e-05
2.307249336092241656e-05
2.291882725343286637e-05
2.276605312916773384e-05
2.261416742501733552e-05
2.246316656466797418e-05
2.231304695918885135e-05
2.216380500761010294e-05
2.201543709749175128e-05
2.186793960548388184e-05
2.172130889787789911e-05
2.157554133114915619e-05
2.143063325249084985e-05
2.128658100033943505e-05
2.114338090489145056e-05
2.100102928861202336e-05
2.085952246673489923e-05
2.071885674775442670e-05
2.057902843390913480e-05
2.044003382165739639e-05
2.030186920214500045e-05
2.016453086166472165e-05
2.002801508210819216e-05
1.989231814140981461e-05
1.975743631398317046e-05
1.962336587114961185e-05
1.949010308155950467e-05
1.935764421160583813e-05
1.922598552583063114e-05
1.909512328732389165e-05
1.896505375811547101e-05
1.883577319955968466e-05
1.870727787271297030e-05
1.857956403870450541e-05
1.845262795909992663e-05
1.832646589625824230e-05
1.820107411368201961e-05
1.807644887636085986e-05
1.795258645110835155e-05
1.782948310689242677e-05
1.770713511515938858e-05
1.758553875015149076e-05
1.746469028921831054e-05
1.734458601312187693e-05
1.722522220633569708e-05
1.710659515733768064e-05
1.698870115889719237e-05
1.687153650835611810e-05
1.675509750790409613e-05
1.663938046484808724e-05
1.652438169187618136e-05
1.641009750731583421e-05
1.629652423538656433e-05
1.618365820644720202e-05
1.607149575723773415e-05
1.596003323111583645e-05
1.584926697828816769e-05
1.573919335603648684e-05
1.562980872893866428e-05
1.552110946908462439e-05
1.541309195628739564e-05
1.530575257828915988e-05
1.519908773096258185e-05
1.509309381850726663e-05
1.498776725364160078e-05
1.488310445778991607e-05
1.477910186126509798e-05
1.467575590344671668e-05
1.457306303295467052e-05
1.447101970781851805e-05
1.436962239564245125e-05
1.426886757376603869e-05
1.416875172942079443e-05
1.406927135988263384e-05
1.397042297262021786e-05
1.387220308543934498e-05
1.377460822662340459e-05
1.367763493506990342e-05
1.358127976042323118e-05
1.348553926320359423e-05
1.339041001493230191e-05
1.329588859825338692e-05
1.320197160705159532e-05
1.310865564656690369e-05
1.301593733350551263e-05
1.292381329614740977e-05
1.283228017445059720e-05
1.274133462015197137e-05
1.265097329686493180e-05
1.256119288017381171e-05
1.247199005772512544e-05
1.238336152931568874e-05
1.229530400697771845e-05
1.220781421506090996e-05
1.212088889031154677e-05
1.203452478194870627e-05
1.194871865173761116e-05
1.186346727406016526e-05
1.177876743598272119e-05
1.169461593732114780e-05
1.161100959070318869e-05
1.152794522162823059e-05
1.144541966852448822e-05
1.136342978280362944e-05
1.128197242891295421e-05
1.120104448438505440e-05
1.112064283988515785e-05
1.104076439925603472e-05
1.096140607956063366e-05
1.088256481112242267e-05
1.080423753756346489e-05
1.072642121584038194e-05
1.064911281627805735e-05
1.057230932260130035e-05
1.049600773196437513e-05
1.042020505497857177e-05
1.034489831573766466e-05
1.027008455184151591e-05
1.019576081441767979e-05
1.012192416814115383e-05
1.004857169125225290e-05
9.975700475572689326e-06
9.903307626519858889e-06
9.831390263119366794e-06
9.759945518015851040e-06
9.688970537482143925e-06
9.618462481426744579e-06
9.548418523399710919e-06
9.478835850596949026e-06
9.409711663862977861e-06
9.341043177692140521e-06
9.272827620228361989e-06
9.205062233263424574e-06
9.137744272233827114e-06
9.070871006216244876e-06
9.004439717921617270e-06
8.938447703687917573e-06
8.872892273471579265e-06
8.807770750837653502e-06
8.743080472948718069e-06
8.678818790552559825e-06
8.614983067968637426e-06
8.551570683073385300e-06
8.488579027284372437e-06
8.426005505543314298e-06
8.363847536298014073e-06
8.302102551483218039e-06
8.240767996500420603e-06
8.179841330196651209e-06
8.119320024842253275e-06
8.059201566107690736e-06
7.999483453039400830e-06
7.940163198034713452e-06
7.881238326815854020e-06
7.822706378403075587e-06
7.764564905086921904e-06
7.706811472399611253e-06
7.649443659085656270e-06
7.592459057071631638e-06
7.535855271435182004e-06
7.479629920373269251e-06
7.423780635169650669e-06
7.368305060161679500e-06
7.313200852706347385e-06
7.258465683145677142e-06
7.204097234771453157e-06
7.150093203789253828e-06
7.096451299281913947e-06
7.043169243172330643e-06
6.990244770185691635e-06
6.937675627811111420e-06
6.885459576262712648e-06
6.833594388440151000e-06
6.782077849888629304e-06
6.730907758758374629e-06
6.680081925763615634e-06
6.629598174141094897e-06
6.579454339608097579e-06
6.529648270320023552e-06
6.480177826827526676e-06
6.431040882033220411e-06
6.382235321147987006e-06
6.333759041646860640e-06
6.285609953224560725e-06
6.237785977750620347e-06
6.190285049224179259e-06
6.143105113728426222e-06
6.096244129384699980e-06
6.049700066306268369e-06
6.003470906551824510e-06
5.957554644078648430e-06
5.911949284695510339e-06
5.866652846015294378e-06
5.821663357407350480e-06
5.776978859949610744e-06
5.732597406380451712e-06
5.688517061050333866e-06
5.644735899873215821e-06
5.601252010277774540e-06
5.558063491158399402e-06
5.515168452826030403e-06
5.472565016958779530e-06
5.430251316552425914e-06
5.388225495870707708e-06
5.346485710395481816e-06
5.305030126776754033e-06
5.263856922782543166e-06
5.222964287248654520e-06
5.182350420028304309e-06
5.142013531941663596e-06
5.101951844725281954e-06
5.062163590981425584e-06
5.022647014127333259e-06
4.983400368344387576e-06
4.944421918527228600e-06
4.905709940232789589e-06
4.867262719629287821e-06
4.829078553445162910e-06
4.791155748917984620e-06
4.753492623743298856e-06
4.716087506023480427e-06
4.678938734216530746e-06
4.642044657084891634e-06
4.605403633644226084e-06
4.569014033112199871e-06
4.532874234857278410e-06
4.496982628347516842e-06
4.461337613099375522e-06
4.425937598626549067e-06
4.390781004388816580e-06
4.355866259740935912e-06
4.321191803881558261e-06
4.286756085802195283e-06
4.252557564236213311e-06
4.218594707607909729e-06
4.184865993981608842e-06
4.151369911010842429e-06
4.118104955887579446e-06
4.085069635291533637e-06
4.052262465339541461e-06
4.019681971535007776e-06
3.987326688717450631e-06
3.955195161012111270e-06
3.923285941779670026e-06
3.891597593566037592e-06
3.860128688052260651e-06
3.828877806004514739e-06
3.797843537224200878e-06
3.767024480498156981e-06
3.736419243548971744e-06
3.706026442985417124e-06
3.675844704252988819e-06
3.645872661584582687e-06
3.616108957951270702e-06
3.586552245013225555e-06
3.557201183070754104e-06
3.528054441015478210e-06
3.499110696281636689e-06
3.470368634797531270e-06
3.441826950937107228e-06
3.413484347471672504e-06
3.385339535521772678e-06
3.357391234509202325e-06
3.329638172109159507e-06
3.302079084202564169e-06
3.274712714828518843e-06
3.247537816136931975e-06
3.220553148341285252e-06
3.193757479671573294e-06
3.167149586327396672e-06
3.140728252431216267e-06
3.114492269981776629e-06
3.088440438807688148e-06
3.062571566521180745e-06
3.036884468472027402e-06
3.011377967701634124e-06
2.986050894897303553e-06
2.960902088346671369e-06
2.935930393892319301e-06
2.911134664886557543e-06
2.886513762146396905e-06
2.862066553908681059e-06
2.837791915785417825e-06
2.813688730719271411e-06
2.789755888939255381e-06
2.765992287916593350e-06
2.742396832320770254e-06
2.718968433975766160e-06
2.695706011816480229e-06
2.672608491845329597e-06
2.649674807089046035e-06
2.626903897555659383e-06
2.604294710191663090e-06
2.581846198839373308e-06
2.559557324194479835e-06
2.537427053763782560e-06
2.515454361823122298e-06
2.493638229375500944e-06
2.471977644109399401e-06
2.450471600357278900e-06
2.429119099054283479e-06
2.407919147697128399e-06
2.386870760303193950e-06
2.365972957369798844e-06
2.345224765833678579e-06
2.324625219030652269e-06
2.304173356655494462e-06
2.283868224721984830e-06
2.263708875523171311e-06
2.243694367591815364e-06
2.223823765661044328e-06
2.204096140625187577e-06
2.184510569500817247e-06
2.165066135387982495e-06
2.145761927431639858e-06
2.126597040783277578e-06
2.107570576562737711e-06
2.088681641820237281e-06
2.069929349498574950e-06
2.051312818395550273e-06
2.032831173126558732e-06
2.014483544087401480e-06
1.996269067417275083e-06
1.978186884961967093e-06
1.960236144237240506e-06
1.942415998392416428e-06
1.924725606174150291e-06
1.907164131890402665e-06
1.889730745374602568e-06
1.872424621950009192e-06
1.855244942394260394e-06
1.838190892904123210e-06
1.821261665060429444e-06
1.804456455793205437e-06
1.787774467347001742e-06
1.771214907246402151e-06
1.754776988261735801e-06
1.738459928374972877e-06
1.722262950745815129e-06
1.706185283677975066e-06
1.690226160585643617e-06
1.674384819960151550e-06
1.658660505336817235e-06
1.643052465261979277e-06
1.627559953260227565e-06
1.612182227801806053e-06
1.596918552270220951e-06
1.581768194930020863e-06
1.566730428894768143e-06
1.551804532095197862e-06
1.536989787247558053e-06
1.522285481822136505e-06
1.507690908011971363e-06
1.493205362701741517e-06
1.478828147436844818e-06
1.464558568392653955e-06
1.450395936343957202e-06
1.436339566634576620e-06
1.422388779147169207e-06
1.408542898273206364e-06
1.394801252883131650e-06
1.381163176296698748e-06
1.367628006253483918e-06
1.354195084883580987e-06
1.340863758678465322e-06
1.327633378462040335e-06
1.314503299361853191e-06
1.301472880780490500e-06
1.288541486367142156e-06
1.275708483989342829e-06
1.262973245704882665e-06
1.250335147733890557e-06
1.237793570431088950e-06
1.225347898258217831e-06
1.212997519756628349e-06
1.200741827520044773e-06
1.188580218167496917e-06
1.176512092316417108e-06
1.164536854555905070e-06
1.152653913420157348e-06
1.140862681362064231e-06
1.129162574726968887e-06
1.117553013726591661e-06
1.106033422413116164e-06
1.094603228653438198e-06
1.083261864103577318e-06
1.072008764183245511e-06
1.060843368050580417e-06
1.049765118577033977e-06
1.038773462322422233e-06
1.027867849510130977e-06
1.017047734002480010e-06
1.006312573276241564e-06
9.956618283983164728e-07
9.850949640015634601e-07
9.746114482607827850e-07
9.642107528688529968e-07
9.538923530130205767e-07
9.436557273513413043e-07
9.335003579892707026e-07
9.234257304564082185e-07
9.134313336833864587e-07
9.035166599789125729e-07
8.936812050069559632e-07
8.839244677640819994e-07
8.742459505569359777e-07
8.646451589798667337e-07
8.551216018927015567e-07
8.456747913986589585e-07
8.363042428224099906e-07
8.270094746882779456e-07
8.177900086985832188e-07
8.086453697121266593e-07
7.995750857228141646e-07
7.905786878384211410e-07
7.816557102594950302e-07
7.728056902583956910e-07
7.640281681584740590e-07
7.553226873133859076e-07
7.466887940865420881e-07
7.381260378306940821e-07
7.296339708676527510e-07
7.212121484681410220e-07
7.128601288317797697e-07
7.045774730672050948e-07
6.963637451723169972e-07
6.882185120146575412e-07
6.801413433119215791e-07
6.721318116125931556e-07
6.641894922767115064e-07
6.563139634567662305e-07
6.485048060787154933e-07
6.407616038231341441e-07
6.330839431064851817e-07
6.254714130625148883e-07
6.179236055237756522e-07
6.104401150032666346e-07
6.030205386762008563e-07
5.956644763618924566e-07
5.883715305057658197e-07
5.811413061614831791e-07
5.739734109731938781e-07
5.668674551579008371e-07
5.598230514879461367e-07
5.528398152736135951e-07
5.459173643458484502e-07
5.390553190390923416e-07
5.322533021742343383e-07
5.255109390416761024e-07
5.188278573845115092e-07
5.122036873818189223e-07
5.056380616320661239e-07
4.991306151366271597e-07
4.926809852834112038e-07
4.862888118306001610e-07
4.799537368904975490e-07
4.736754049134862764e-07
4.674534626720939410e-07
4.612875592451671314e-07
4.551773460021519248e-07
4.491224765874819048e-07
4.431226069050705764e-07
4.371773951029104015e-07
4.312865015577746425e-07
4.254495888600248204e-07
4.196663217985202407e-07
4.139363673456294279e-07
4.082593946423458503e-07
4.026350749835021136e-07
3.970630818030860616e-07
3.915430906596576753e-07
3.860747792218629033e-07
3.806578272540488721e-07
3.752919166019752342e-07
3.699767311786237722e-07
3.647119569501047234e-07
3.594972819216592960e-07
3.543323961237576346e-07
3.492169915982920774e-07
3.441507623848644339e-07
3.391334045071664893e-07
3.341646159594553236e-07
3.292440966931192629e-07
3.243715486033372696e-07
3.195466755158289117e-07
3.147691831736945414e-07
3.100387792243473766e-07
3.053551732065331975e-07
3.007180765374407284e-07
2.961272024998987352e-07
2.915822662296626426e-07
2.870829847027876026e-07
2.826290767230875891e-07
2.782202629096822668e-07
2.738562656846274514e-07
2.695368092606327613e-07
2.652616196288612723e-07
2.610304245468152001e-07
2.568429535263036379e-07
2.526989378214934099e-07
2.485981104170424046e-07
2.445402060163141168e-07
2.405249610296733465e-07
2.365521135628635041e-07
2.326214034054622394e-07
2.287325720194182270e-07
2.248853625276659587e-07
2.210795197028194410e-07
2.173147899559436889e-07
2.135909213254036163e-07
2.099076634657902182e-07
2.062647676369224571e-07
2.026619866929257786e-07
1.990990750713852194e-07
1.955757887825741658e-07
1.920918853987572012e-07
1.886471240435662478e-07
1.852412653814511690e-07
1.818740716072023154e-07
1.785453064355457575e-07
1.752547350908106222e-07
1.720021242966674999e-07
1.687872422659381358e-07
1.656098586904752650e-07
1.624697447311123553e-07
1.593666730076832293e-07
1.563004175891104559e-07
1.532707539835621651e-07
1.502774591286774737e-07
1.473203113818585345e-07
1.443990905106310631e-07
1.415135776830705098e-07
1.386635554582949885e-07
1.358488077770236384e-07
1.330691199522010809e-07
1.303242786596858282e-07
1.276140719290036739e-07
1.249382891341652738e-07
1.222967209845467510e-07
1.196891595158340668e-07
1.171153980810293700e-07
1.145752313415205703e-07
1.120684552582118968e-07
1.095948670827162649e-07
1.071542653486087341e-07
1.047464498627403837e-07
1.023712216966124606e-07
1.000283831778101229e-07
9.771773788149588640e-08
9.543909062196146420e-08
9.319224744423868564e-08
9.097701561576809369e-08
8.879320361812568298e-08
8.664062113880657431e-08
8.451907906306585068e-08
8.242838946581593276e-08
8.036836560357985851e-08
7.833882190650077145e-08
7.633957397040617482e-08
7.437043854892787821e-08
7.243123354567579692e-08
7.052177800646659676e-08
6.864189211160592683e-08
6.679139716822402871e-08
6.497011560266465569e-08
6.317787095292670668e-08
6.141448786115797897e-08
5.967979206620126512e-08
5.797361039619197982e-08
5.629577076120686680e-08
5.464610214596394466e-08
5.302443460257279154e-08
5.143059924333522174e-08
4.986442823359568568e-08
4.832575478464129421e-08
4.681441314665097734e-08
4.533023860169347980e-08
4.387306745677384921e-08
4.244273703692812566e-08
4.103908567836574978e-08
3.966195272165958326e-08
3.831117850498295957e-08
3.698660435739361928e-08
3.568807259216419250e-08
3.441542650015867253e-08
3.316851034325504621e-08
3.194716934781310818e-08
3.075124969818768407e-08
2.958059853028671988e-08
2.843506392517390691e-08
2.731449490271560702e-08
2.621874141527174431e-08
2.514765434143024947e-08
2.410108547978498069e-08
2.307888754275658860e-08
2.208091415045612651e-08
2.110701982459114460e-08
2.015705998241384475e-08
1.923089093071115340e-08
1.832836985983630908e-08
1.744935483778166991e-08
1.659370480429253940e-08
1.576127956502167297e-08
1.495193978572412439e-08
1.416554698649224196e-08
1.340196353603050496e-08
1.266105264596984148e-08
1.194267836522129688e-08
1.124670557436864092e-08
1.057299998009969522e-08
9.921428109676139549e-09
9.291857305441462668e-09
8.684155719366827864e-09
8.098192307634590064e-09
7.533836825259183326e-09
6.990959820745096631e-09
6.469432630781743575e-09
5.969127374974886832e-09
5.489916950614413071e-09
5.031675027478187833e-09
4.594276042671732291e-09
4.177595195503452237e-09
3.781508442395225730e-09
3.405892491828027629e-09
3.050624799322398703e-09
2.715583562453493365e-09
2.400647715900449617e-09
2.105696926529873572e-09
1.830611588513160633e-09
1.575272818477440523e-09
1.339562450689898233e-09
1.123363032275239881e-09
9.265578184660647551e-10
7.490307678859177068e-10
5.906665378647874988e-10
4.513504797868240434e-10
3.309686344700454560e-10
2.294077275778132641e-10
1.465551650618467981e-10
8.229902863655890573e-11
3.652807128448918435e-11
9.131712792616926815e-12
3.531933537023821137e-17
nan
