6.170999999999999938e-11
6.170816543618281239e-11
6.170373904845464812e-11
6.169639626609718330e-11
6.168612425293843566e-11
6.167292241822066832e-11
6.165679245607031507e-11
6.163773702448062887e-11
6.161575945161336011e-11
6.159086364781194253e-11
6.156305407302537591e-11
6.153233572235243061e-11
6.149871411835552405e-11
6.146219530613562278e-11
6.142278584958237423e-11
6.138049282811275327e-11
6.133532383357903526e-11
6.128728696718838835e-11
6.123639083635268537e-11
6.118264455142490151e-11
6.112605772229795440e-11
6.106664045485312666e-11
6.100440334725084581e-11
6.093935748606025450e-11
6.087151444222647239e-11
6.080088626687509730e-11
6.072748548695566466e-11
6.065132510072463386e-11
6.057241857307075802e-11
6.049077983068438796e-11
6.040642325707367021e-11
6.031936368743008191e-11
6.022961640334621047e-11
6.013719712738873789e-11
6.004212201752971875e-11
5.994440766143930535e-11
5.984407107064311258e-11
5.974112967454763452e-11
5.963560131433713786e-11
5.952750423674554764e-11
5.941685708770660821e-11
5.930367890588640361e-11
5.918798911610131337e-11
5.906980752262566902e-11
5.894915430239252334e-11
5.882604999809135803e-11
5.870051551116673652e-11
5.857257209472174062e-11
5.844224134632986138e-11
5.830954520075975179e-11
5.817450592261632432e-11
5.803714609890255540e-11
5.789748863150578392e-11
5.775555672961274932e-11
5.761137390205719510e-11
5.746496394960427707e-11
5.731635095717576997e-11
5.716555928602014380e-11
5.701261356583166519e-11
5.685753868682243339e-11
5.670035979175168737e-11
5.654110226791617061e-11
5.637979173910581911e-11
5.621645405752867558e-11
5.605111529570923694e-11
5.588380173836399624e-11
5.571453987425837294e-11
5.554335638804897374e-11
5.537027815211500951e-11
5.519533221838286218e-11
5.501854581014769833e-11
5.483994631389593583e-11
5.465956127113236328e-11
5.447741837021572526e-11
5.429354543820640499e-11
5.410797043273005610e-11
5.392072143386061503e-11
5.373182663602649380e-11
5.354131433994328137e-11
5.334921294457665000e-11
5.315555093913869786e-11
5.296035689512130142e-11
5.276365945836956030e-11
5.256548734119892116e-11
5.236586931455884336e-11
5.216483420024634107e-11
5.196241086317243908e-11
5.175862820368451501e-11
5.155351514994748116e-11
5.134710065038672709e-11
5.113941366619552409e-11
5.093048316390974790e-11
5.072033810805244661e-11
5.050900745385095471e-11
5.029652014002903517e-11
5.008290508167644037e-11
4.986819116319831537e-11
4.965240723134674407e-11
4.943558208833653856e-11
4.921774448504766276e-11
4.899892311431595101e-11
4.877914660431459696e-11
4.855844351202786005e-11
4.833684231681909002e-11
4.811437141409478837e-11
4.789105910906630946e-11
4.766693361061079097e-11
4.744202302523290987e-11
4.721635535112885345e-11
4.698995847235384939e-11
4.676286015309459921e-11
4.653508803204767479e-11
4.630666961690529334e-11
4.607763227894914920e-11
4.584800324775360160e-11
4.561780960599896144e-11
4.538707828439564602e-11
4.515583605672019717e-11
4.492410953496357611e-11
4.469192516459243315e-11
4.445930921992397898e-11
4.422628779961481303e-11
4.399288682226413542e-11
4.375913202213162028e-11
4.352504894497032547e-11
4.329066294397467074e-11
4.305599917584376889e-11
4.282108259696005170e-11
4.258593795968311945e-11
4.235058980875900811e-11
4.211506247784444743e-11
4.187938008614605848e-11
4.164356653517425131e-11
4.140764550561146746e-11
4.117164045429435369e-11
4.093557461130966010e-11
4.069947097720297080e-11
4.046335232030022206e-11
4.022724117414109655e-11
3.999115983502373156e-11
3.975513035966012726e-11
3.951917456294145366e-11
3.928331401581250661e-11
3.904757004325456972e-11
3.881196372237558359e-11
3.857651588060698899e-11
3.834124709400624239e-11
3.810617768566368547e-11
3.787132772421336805e-11
3.763671702244616336e-11
3.740236513602439411e-11
3.716829136229677986e-11
3.693451473921253631e-11
3.670105404433347608e-11
3.646792779394272806e-11
3.623515424224911892e-11
3.600275138068557528e-11
3.577073693730064196e-11
3.553912837624139708e-11
3.530794289732671095e-11
3.507719743570943968e-11
3.484690866162587995e-11
3.461709298023154132e-11
3.438776653152142673e-11
3.415894519033355446e-11
3.393064456643421590e-11
3.370288000468358616e-11
3.347566658528002023e-11
3.324901912408174867e-11
3.302295217300439608e-11
3.279748002049261623e-11
3.257261669206480339e-11
3.234837595092876027e-11
3.212477129866725632e-11
3.190181597599168613e-11
3.167952296356243231e-11
3.145790498287425893e-11
3.123697449720534617e-11
3.101674371262824722e-11
3.079722457908139732e-11
3.057842879149950136e-11
3.036036779100135228e-11
3.014305276613345189e-11
2.992649465416805759e-11
2.971070414245388430e-11
2.949569166981825959e-11
2.928146742801885801e-11
2.906804136324388355e-11
2.885542317765886511e-11
2.864362233099880469e-11
2.843264804220411445e-11
2.822250929109886601e-11
2.801321482010985271e-11
2.780477313602520469e-11
2.759719251179085388e-11
2.739048098834363738e-11
2.718464637647951392e-11
2.697969625875558490e-11
2.677563799142443366e-11
2.657247870639952920e-11
2.637022531325022104e-11
2.616888450122516519e-11
2.596846274130262376e-11
2.576896628826652348e-11
2.557040118280696783e-11
2.537277325364382612e-11
2.517608811967221706e-11
2.498035119212868153e-11
2.478556767677675533e-11
2.459174257611080769e-11
2.439888069157692113e-11
2.420698662580968148e-11
2.401606478488367952e-11
2.382611938057869659e-11
2.363715443265739817e-11
2.344917377115443985e-11
2.326218103867594865e-11
2.307617969270838448e-11
2.289117300793565718e-11
2.270716407856352021e-11
2.252415582065032975e-11
2.234215097444308998e-11
2.216115210671793153e-11
2.198116161312400855e-11
2.180218172053003238e-11
2.162421448937237559e-11
2.144726181600409043e-11
2.127132543504379803e-11
2.109640692172374723e-11
2.092250769423619960e-11
2.074962901607732325e-11
2.057777199838792012e-11
2.040693760229005610e-11
2.023712664121910289e-11
2.006833978325028041e-11
1.990057755341913754e-11
1.973384033603518920e-11
1.956812837698820576e-11
1.940344178604635992e-11
1.923978053914570748e-11
1.907714448067042709e-11
1.891553332572317899e-11
1.875494666238501408e-11
1.859538395396435531e-11
1.843684454123455671e-11
1.827932764465931330e-11
1.812283236660576023e-11
1.796735769354453727e-11
1.781290249823645052e-11
1.765946554190530780e-11
1.750704547639649819e-11
1.735564084632086970e-11
1.720525009118355610e-11
1.705587154749741695e-11
1.690750345088061573e-11
1.676014393813811972e-11
1.661379104932669178e-11
1.646844272980317368e-11
1.632409683225565076e-11
1.618075111871727803e-11
1.603840326256246735e-11
1.589705085048524491e-11
1.575669138445944641e-11
1.561732228368057193e-11
1.547894088648911015e-11
1.534154445227505064e-11
1.520513016336351633e-11
1.506969512688117705e-11
1.493523637660343752e-11
1.480175087478217050e-11
1.466923551395385923e-11
1.453768711872797326e-11
1.440710244755561634e-11
1.427747819447812314e-11
1.414881099085567942e-11
1.402109740707581990e-11
1.389433395424169745e-11
1.376851708584006855e-11
1.364364319938902901e-11
1.351970863806528987e-11
1.339670969231110822e-11
1.327464260142073234e-11
1.315350355510644207e-11
1.303328869504406464e-11
1.291399411639803889e-11
1.279561586932601800e-11
1.267814996046300436e-11
1.256159235438503441e-11
1.244593897505250375e-11
1.233118570723303250e-11
1.221732839790406316e-11
1.210436285763516176e-11
1.199228486195005964e-11
1.188109015266854716e-11
1.177077443922823402e-11
1.166133339998632799e-11
1.155276268350140778e-11
1.144505790979533883e-11
1.133821467159544646e-11
1.123222853555693705e-11
1.112709504346578498e-11
1.102280971342211473e-11
1.091936804100419095e-11
1.081676550041319932e-11
1.071499754559880994e-11
1.061405961136577048e-11
1.051394711446157602e-11
1.041465545464537379e-11
1.031618001573822245e-11
1.021851616665487225e-11
1.012165926241711623e-11
1.002560464514900321e-11
9.930347645053906088e-12
9.835883581373684642e-12
9.742207763330060666e-12
9.649315491048360617e-12
9.557202056463809916e-12
9.465862744210440299e-12
9.375292832492925252e-12
9.285487593941345165e-12
9.196442296449179450e-12
9.108152203994543406e-12
9.020612577445013961e-12
8.933818675346050723e-12
8.847765754693266026e-12
8.762449071688718419e-12
8.677863882481324945e-12
8.594005443891676537e-12
8.510869014121330848e-12
8.428449853446805483e-12
8.346743224898439628e-12
8.265744394924275967e-12
8.185448634039198742e-12
8.105851217459410368e-12
8.026947425722535772e-12
7.948732545293404571e-12
7.871201869155806703e-12
7.794350697390316863e-12
7.718174337738412293e-12
7.642668106153030951e-12
7.567827327335757461e-12
7.493647335260817801e-12
7.420123473686062046e-12
7.347251096651085427e-12
7.275025568962712259e-12
7.203442266667956658e-12
7.132496577514686207e-12
7.062183901400129943e-12
6.992499650807440705e-12
6.923439251230425711e-12
6.854998141586678857e-12
6.787171774619260904e-12
6.719955617287072188e-12
6.653345151144141588e-12
6.587335872707952924e-12
6.521923293817000241e-12
6.457102941977745650e-12
6.392870360701106541e-12
6.329221109828687866e-12
6.266150765848897607e-12
6.203654922203096505e-12
6.141729189581965396e-12
6.080369196212242851e-12
6.019570588133995471e-12
5.959329029468552510e-12
5.899640202677317279e-12
5.840499808811547422e-12
5.781903567753304383e-12
5.723847218447697294e-12
5.666326519126591704e-12
5.609337247523909189e-12
5.552875201082707649e-12
5.496936197154136830e-12
5.441516073188455654e-12
5.386610686918230909e-12
5.332215916533887758e-12
5.278327660851713030e-12
5.224941839474496278e-12
5.172054392944912008e-12
5.119661282891790897e-12
5.067758492169432682e-12
5.016342024990060067e-12
4.965407907049586532e-12
4.914952185646786883e-12
4.864970929796045848e-12
4.815460230333758221e-12
4.766416200018571202e-12
4.717834973625527075e-12
4.669712708034290426e-12
4.622045582311527740e-12
4.574829797787613051e-12
4.528061578127721857e-12
4.481737169397488576e-12
4.435852840123285727e-12
4.390404881347295245e-12
4.345389606677436596e-12
4.300803352332296247e-12
4.256642477181148189e-12
4.212903362779184235e-12
4.169582413398059924e-12
4.126676056051855394e-12
4.084180740518563498e-12
4.042092939357195640e-12
4.000409147920617614e-12
3.959125884364214806e-12
3.918239689650473192e-12
3.877747127549584378e-12
3.837644784636159487e-12
3.797929270282160977e-12
3.758597216646127473e-12
3.719645278658788584e-12
3.681070134005168237e-12
3.642868483103245997e-12
3.605037049079285847e-12
3.567572577739889757e-12
3.530471837540894803e-12
3.493731619553161904e-12
3.457348737425354708e-12
3.421320027343795082e-12
3.385642347989456181e-12
3.350312580492185999e-12
3.315327628382224004e-12
3.280684417539098498e-12
3.246379896137967723e-12
3.212411034593483858e-12
3.178774825501248988e-12
3.145468283576928879e-12
3.112488445593095638e-12
3.079832370313872764e-12
3.047497138427436330e-12
3.015479852476449007e-12
2.983777636786485519e-12
2.952387637392507267e-12
2.921307021963456018e-12
2.890532979725027622e-12
2.860062721380673442e-12
2.829893479030901771e-12
2.800022506090927323e-12
2.770447077206724510e-12
2.741164488169547544e-12
2.712172055828964179e-12
2.683467118004455235e-12
2.655047033395639648e-12
2.626909181491159796e-12
2.599050962476306271e-12
2.571469797139391371e-12
2.544163126776956139e-12
2.517128413097830340e-12
2.490363138126117660e-12
2.463864804103117053e-12
2.437630933388260588e-12
2.411659068359086390e-12
2.385946771310300801e-12
2.360491624351960032e-12
2.335291229306827475e-12
2.310343207606938158e-12
2.285645200189401859e-12
2.261194867391496970e-12
2.236989888845081786e-12
2.213027963370368839e-12
2.189306808869087335e-12
2.165824162217077709e-12
2.142577779156348997e-12
2.119565434186625281e-12
2.096784920456432901e-12
2.074234049653737322e-12
2.051910651896176511e-12
2.029812575620915456e-12
2.007937687474152123e-12
1.986283872200307969e-12
1.964849032530918360e-12
1.943631089073271767e-12
1.922627980198802180e-12
1.901837661931281993e-12
1.881258107834820620e-12
1.860887308901714074e-12
1.840723273440153175e-12
1.820764026961827156e-12
1.801007612069432753e-12
1.781452088344130182e-12
1.762095532232948031e-12
1.742936036936168953e-12
1.723971712294721634e-12
1.705200684677588904e-12
1.686621096869258268e-12
1.668231107957233418e-12
1.650028893219626529e-12
1.632012644012846274e-12
1.614180567659404387e-12
1.596530887335853693e-12
1.579061841960880625e-12
1.561771686083555875e-12
1.544658689771780116e-12
1.527721138500916741e-12
1.510957333042649355e-12
1.494365589354059003e-12
1.477944238466946150e-12
1.461691626377413981e-12
1.445606113935717471e-12
1.429686076736396798e-12
1.413929905008702966e-12
1.398336003507341915e-12
1.382902791403525378e-12
1.367628702176362231e-12
1.352512183504590929e-12
1.337551697158661518e-12
1.322745718893185596e-12
1.308092738339760683e-12
1.293591258900171837e-12
1.279239797639995749e-12
1.265036885182598433e-12
1.250981065603550351e-12
1.237070896325457139e-12
1.223304948013220289e-12
1.209681804469730197e-12
1.196200062532005920e-12
1.182858331967782661e-12
1.169655235372558071e-12
1.156589408067102228e-12
1.143659497995437555e-12
1.130864165623296334e-12
1.118202083837059884e-12
1.105671937843186837e-12
1.093272425068137218e-12
1.081002255058789870e-12
1.068860149383369607e-12
1.056844841532882255e-12
1.044955076823059831e-12
1.033189612296825722e-12
1.021547216627281513e-12
1.010026670021218258e-12
9.986267641231578822e-13
9.873463019199289271e-13
9.761840976457720129e-13
9.651389766879935883e-13
9.542097754931536324e-13
9.433953414738018487e-13
9.326945329157607348e-13
9.221062188859577501e-13
9.116292791408092066e-13
9.012626040351582047e-13
8.910050944317684325e-13
8.808556616113743326e-13
8.708132271832924832e-13
8.608767229965900547e-13
8.510450910518181147e-13
8.413172834133056443e-13
8.316922621220176954e-13
8.221689991089793082e-13
8.127464761092624594e-13
8.034236845765414960e-13
7.941996255982130145e-13
7.850733098110831142e-13
7.760437573176214185e-13
7.671099976027832783e-13
7.582710694513969257e-13
7.495260208661193146e-13
7.408739089859579218e-13
7.323138000053591137e-13
7.238447690938620702e-13
7.154659003163196781e-13
7.071762865536823565e-13
6.989750294243463265e-13
6.908612392060671362e-13
6.828340347584338941e-13
6.748925434459050205e-13
6.670359010614048094e-13
6.592632517504805998e-13
6.515737479360161116e-13
6.439665502435023623e-13
6.364408274268651526e-13
6.289957562948446796e-13
6.216305216379307091e-13
6.143443161558445240e-13
6.071363403855756250e-13
6.000058026299615705e-13
5.929519188868167131e-13
5.859739127786038744e-13
5.790710154826493615e-13
5.722424656618973876e-13
5.654875093962049071e-13
5.588054001141710074e-13
5.521953985255010605e-13
5.456567725539060380e-13
5.391887972705272947e-13
5.327907548278946998e-13
5.264619343944066005e-13
5.202016320893357624e-13
5.140091509183552243e-13
5.078838007095837671e-13
5.018248980501489763e-13
4.958317662232620414e-13
4.899037351458062117e-13
4.840401413064347670e-13
4.782403277041743650e-13
4.725036437875330570e-13
4.668294453941111558e-13
4.612170946907094009e-13
4.556659601139353310e-13
4.501754163113022580e-13
4.447448440828200376e-13
4.393736303230740484e-13
4.340611679637910694e-13
4.288068559168865016e-13
4.236100990179934886e-13
4.184703079704691404e-13
4.133868992898756388e-13
4.083592952489332458e-13
4.033869238229433472e-13
3.984692186356772889e-13
3.936056189057294945e-13
3.887955693933306196e-13
3.840385203476199880e-13
3.793339274543719072e-13
3.746812517841752058e-13
3.700799597410624097e-13
3.655295230115842644e-13
3.610294185143297056e-13
3.565791283498850164e-13
3.521781397512323742e-13
3.478259450345823847e-13
3.435220415506397946e-13
3.392659316362975377e-13
3.350571225667575982e-13
3.308951265080758652e-13
3.267794604701263829e-13
3.227096462599847455e-13
3.186852104357248797e-13
3.147056842606288121e-13
3.107706036578052305e-13
3.068795091652131536e-13
3.030319458910907598e-13
2.992274634697825592e-13
2.954656160179652621e-13
2.917459620912677497e-13
2.880680646412828756e-13
2.844314909729680679e-13
2.808358127024315017e-13
2.772806057151026295e-13
2.737654501242810623e-13
2.702899302300647600e-13
2.668536344786510184e-13
2.634561554220109605e-13
2.600970896779313708e-13
2.567760378904234704e-13
2.534926046904952505e-13
2.502463986572832216e-13
2.470370322795427746e-13
2.438641219174931116e-13
2.407272877650146272e-13
2.376261538121952572e-13
2.345603478082236732e-13
2.315295012246262436e-13
2.285332492188455914e-13
2.255712305981571113e-13
2.226430877839214034e-13
2.197484667761699974e-13
2.168870171185209094e-13
2.140583918634223889e-13
2.112622475377216527e-13
2.084982441085558265e-13
2.057660449495626466e-13
2.030653168074081961e-13
2.003957297686297553e-13
1.977569572267898804e-13
1.951486758499401700e-13
1.925705655483915387e-13
1.900223094427893317e-13
1.875035938324893681e-13
1.850141081642336246e-13
1.825535450011220518e-13
1.801215999918791590e-13
1.777179718404119855e-13
1.753423622756568581e-13
1.729944760217132436e-13
1.706740207682620451e-13
1.683807071412649101e-13
1.661142486739441203e-13
1.638743617780382422e-13
1.616607657153334367e-13
1.594731825694664657e-13
1.573113372179974006e-13
1.551749573047505175e-13
1.530637732124199228e-13
1.509775180354380895e-13
1.489159275531052350e-13
1.468787402029766886e-13
1.448656970545066067e-13
1.428765417829451588e-13
1.409110206434875683e-13
1.389688824456723321e-13
1.370498785280261961e-13
1.351537627329549527e-13
1.332802913818757179e-13
1.314292232505909649e-13
1.296003195449002277e-13
1.277933438764482339e-13
1.260080622388073743e-13
1.242442429837919587e-13
1.225016567980025665e-13
1.207800766795985734e-13
1.190792779152957255e-13
1.173990380575884047e-13
1.157391369021927762e-13
1.140993564657105137e-13
1.124794809635095943e-13
1.108792967878208999e-13
1.092985924860491492e-13
1.077371587392948536e-13
1.061947883410868034e-13
1.046712761763220948e-13
1.031664192004123202e-13
1.016800164186338781e-13
1.002118688656805473e-13
9.876177958541648160e-14
9.732955361082759416e-14
9.591499794416971477e-14
9.451792153731169088e-14
9.313813527227128605e-14
9.177545194194266427e-14
9.042968623101302428e-14
8.910065469706715944e-14
8.778817575187781017e-14
8.649206964288034472e-14
8.521215843482984987e-14
8.394826599163896542e-14
8.270021795839482169e-14
8.146784174355348961e-14
8.025096650130981041e-14
7.904942311414160769e-14
7.786304417552621206e-14
7.669166397282766989e-14
7.553511847035322282e-14
7.439324529257729074e-14
7.326588370753156999e-14
7.215287461035929034e-14
7.105406050703250746e-14
6.996928549823058802e-14
6.889839526337848654e-14
6.784123704484317293e-14
6.679765963228689839e-14
6.576751334717554489e-14
6.475065002744082155e-14
6.374692301229462907e-14
6.275618712719429232e-14
6.177829866895708318e-14
6.081311539102275901e-14
5.986049648886242527e-14
5.892030258553272535e-14
5.799239571737355249e-14
5.707663931984800920e-14
5.617289821352353485e-14
5.528103859019237765e-14
5.440092799913043291e-14
5.353243533349281918e-14
5.267543081684522687e-14
5.182978598982926602e-14
5.099537369696099886e-14
5.017206807356093464e-14
4.935974453281449561e-14
4.855827975296161014e-14
4.776755166461406974e-14
4.698743943819954554e-14
4.621782347153107158e-14
4.545858537750045499e-14
4.470960797189487461e-14
4.397077526133505264e-14
4.324197243133400837e-14
4.252308583447527069e-14
4.181400297870921777e-14
4.111461251576646482e-14
4.042480422968713234e-14
3.974446902546501664e-14
3.907349891780518601e-14
3.841178701999430193e-14
3.775922753288221384e-14
3.711571573397395024e-14
3.648114796663095764e-14
3.585542162938042595e-14
3.523843516533184225e-14
3.463008805169942233e-14
3.403028078942968779e-14
3.343891489293294577e-14
3.285589287991771174e-14
3.228111826132702158e-14
3.171449553137571794e-14
3.115593015768762521e-14
3.060532857153167930e-14
3.006259815815588240e-14
2.952764724721848334e-14
2.900038510331493194e-14
2.848072191660003307e-14
2.796856879350423081e-14
2.746383774754304124e-14
2.696644169021875677e-14
2.647629442201351632e-14
2.599331062347284518e-14
2.551740584637871172e-14
2.504849650501127096e-14
2.458649986749832000e-14
2.413133404725174593e-14
2.368291799448993106e-14
2.324117148784540262e-14
2.280601512605677370e-14
2.237737031974422460e-14
2.195515928326754954e-14
2.153930502666617545e-14
2.112973134768008950e-14
2.072636282385102537e-14
2.032912480470306882e-14
1.993794340400184649e-14
1.955274549209158470e-14
1.917345868830920523e-14
1.880001135347472613e-14
1.843233258245714061e-14
1.807035219681511793e-14
1.771400073751167413e-14
1.736320945770216264e-14
1.701791031559479285e-14
1.667803596738294750e-14
1.634351976024866179e-14
1.601429572543638355e-14
1.569029857139654771e-14
1.537146367699799933e-14
1.505772708480880769e-14
1.474902549444464803e-14
1.444529625598410373e-14
1.414647736345023932e-14
1.385250744835776555e-14
1.356332577332512151e-14
1.327887222575085512e-14
1.299908731155362375e-14
1.272391214897519486e-14
1.245328846244582492e-14
1.218715857651134003e-14
1.192546540982137205e-14
1.166815246917805628e-14
1.141516384364464939e-14
1.116644419871341135e-14
1.092193877053220852e-14
1.068159336018920225e-14
1.044535432805504216e-14
1.021316858818203111e-14
9.984983602759625695e-15
9.760747376625736199e-15
9.540408451833279840e-15
9.323915902271394226e-15
9.111219328340791907e-15
8.902268851682680155e-15
8.697015109960745845e-15
8.495409251695618517e-15
8.297402931151343040e-15
8.102948303273278109e-15
7.911998018676956748e-15
7.724505218687328194e-15
7.540423530427967810e-15
7.359707061959636561e-15
7.182310397467800352e-15
7.008188592498540459e-15
6.837297169242386474e-15
6.669592111865613430e-15
6.505029861888496663e-15
6.343567313610051089e-15
6.185161809578798939e-15
6.029771136109097367e-15
5.877353518842557345e-15
5.727867618354100256e-15
5.581272525802222246e-15
5.437527758622985935e-15
5.296593256267322156e-15
5.158429375981195253e-15
5.022996888628199621e-15
4.890256974554163882e-15
4.760171219493328818e-15
4.632701610515680965e-15
4.507810532015045076e-15
4.385460761737486587e-15
4.265615466849648582e-15
4.148238200046610697e-15
4.033292895698861324e-15
3.920743866037998147e-15
3.810555797380768116e-15
3.702693746391035844e-15
3.597123136379336498e-15
3.493809753639593111e-15
3.392719743822652002e-15
3.293819608346248582e-15
3.197076200841034361e-15
3.102456723632316869e-15
3.009928724257126348e-15
2.919460092016278279e-15
2.831019054561053902e-15
2.744574174514171317e-15
2.660094346124679592e-15
2.577548791956445319e-15
2.496907059609891240e-15
2.418139018476645756e-15
2.341214856526777122e-15
2.266105077128269568e-15
2.192780495898439617e-15
2.121212237586938389e-15
2.051371732990046435e-15
1.983230715895937682e-15
1.916761220060584308e-15
1.851935576214020529e-15
1.788726409096628473e-15
1.727106634525168636e-15
1.667049456488235244e-15
1.608528364270848595e-15
1.551517129607888739e-15
1.495989803866076064e-15
1.441920715254212634e-15
1.389284466061397508e-15
1.338055929922933453e-15
1.288210249113644995e-15
1.239722831868333672e-15
1.192569349729087109e-15
1.146725734919185517e-15
1.102168177743319268e-15
1.058873124013867678e-15
1.016817272502964462e-15
9.759775724200942853e-16
9.363312209149620454e-16
8.978556606053777279e-16
8.605285771299060663e-16
8.243278967250291701e-16
7.892317838265773726e-16
7.552186386951779355e-16
7.222670950654846558e-16
6.903560178189440247e-16
6.594645006798626622e-16
6.295718639345398608e-16
6.006576521732315384e-16
5.727016320547171273e-16
5.456837900932386575e-16
5.195843304675866159e-16
4.943836728521130824e-16
4.700624502694432743e-16
4.466015069646732943e-16
4.239818963008334990e-16
4.021848786754040986e-16
3.811919194576705394e-16
3.609846869467074018e-16
3.415450503497850690e-16
3.228550777809890823e-16
3.048970342798525535e-16
2.876533798497971198e-16
2.711067675161833057e-16
2.552400414037727297e-16
2.400362348334065189e-16
2.254785684377049845e-16
2.115504482955985410e-16
1.982354640854985454e-16
1.855173872569212459e-16
1.733801692203776796e-16
1.618079395553464088e-16
1.507850042361464468e-16
1.402958438755300217e-16
1.303251119858164014e-16
1.208576332573906926e-16
1.118784018543917212e-16
1.033725797274170352e-16
9.532549494307236846e-17
8.772264003019703240e-17
8.054967034259643150e-17
7.379240243811630086e-17
6.743681247389337490e-17
6.146903461762012953e-17
5.587535947466244851e-17
5.064223253087025381e-17
4.575625261092351895e-17
4.120417035205743379e-17
3.697288669301147548e-17
3.304945137804991355e-17
2.942106147590157286e-17
2.607505991346919894e-17
2.299893402415968849e-17
2.018031411068825342e-17
1.760697202221095828e-17
1.526681974564161774e-17
1.314790801101053062e-17
1.123842491072377508e-17
9.526694532583575281e-18
8.001175606431300509e-18
6.650460164276346574e-18
5.463272213775380999e-18
4.428466424927848724e-18
3.535026829855056408e-18
2.772065535531406006e-18
2.128821449337765016e-18
1.594659017308236173e-18
1.159066974942914360e-18
8.116571104605152667e-19
5.421630403660312495e-19
3.404389972098514246e-19
1.964586294160289992e-19
1.003138130586235327e-19
4.221347546627850631e-20
1.248243053640976779e-20
1.560225641585040216e-21
1.186800796830287150e-29
-1.532645521919641560e-21
