3.240965807810727727e-12
3.240953400996268550e-12
3.240923469289903038e-12
3.240873807582185361e-12
3.240804321108612977e-12
3.240714994542104688e-12
3.240605824751994728e-12
3.240476811890712937e-12
3.240327957417836468e-12
3.240159263514397856e-12
3.239970732872649062e-12
3.239762368609480144e-12
3.239534174226839388e-12
3.239286153592079291e-12
3.239018310927505726e-12
3.238730650804479034e-12
3.238423178139910622e-12
3.238095898194071823e-12
3.237748816569152387e-12
3.237381939208263666e-12
3.236995272394715233e-12
3.236588822751455486e-12
3.236162597240618880e-12
3.235716603163138587e-12
3.235250848158401979e-12
3.234765340203933559e-12
3.234260087615092048e-12
3.233735099044771092e-12
3.233190383483112496e-12
3.232625950257209362e-12
3.232041809030812857e-12
3.231437969804033331e-12
3.230814442913031740e-12
3.230171239029709858e-12
3.229508369161389984e-12
3.228825844650485364e-12
3.228123677174168593e-12
3.227401878744021434e-12
3.226660461705686256e-12
3.225899438738501721e-12
3.225118822855130792e-12
3.224318627401183494e-12
3.223498866054821907e-12
3.222659552826366359e-12
3.221800702057884267e-12
3.220922328422772907e-12
3.220024446925333302e-12
3.219107072900332807e-12
3.218170222012559202e-12
3.217213910256367118e-12
3.216238153955212746e-12
3.215242969761178051e-12
3.214228374654490534e-12
3.213194385943028459e-12
3.212141021261820430e-12
3.211068298572532838e-12
3.209976236162950053e-12
3.208864852646445315e-12
3.207734166961439916e-12
3.206584198370856329e-12
3.205414966461558398e-12
3.204226491143789124e-12
3.203018792650591065e-12
3.201791891537221093e-12
3.200545808680557474e-12
3.199280565278496847e-12
3.197996182849340710e-12
3.196692683231175838e-12
3.195370088581241378e-12
3.194028421375289883e-12
3.192667704406940273e-12
3.191287960787019479e-12
3.189889213942896825e-12
3.188471487617806690e-12
3.187034805870166730e-12
3.185579193072883988e-12
3.184104673912653723e-12
3.182611273389247748e-12
3.181099016814795897e-12
3.179567929813057796e-12
3.178018038318686563e-12
3.176449368576484831e-12
3.174861947140645416e-12
3.173255800873995632e-12
3.171630956947222212e-12
3.169987442838093802e-12
3.168325286330669735e-12
3.166644515514505560e-12
3.164945158783848884e-12
3.163227244836825121e-12
3.161490802674614344e-12
3.159735861600622897e-12
3.157962451219643690e-12
3.156170601437012868e-12
3.154360342457749909e-12
3.152531704785698135e-12
3.150684719222653504e-12
3.148819416867483716e-12
3.146935829115241653e-12
3.145033987656269946e-12
3.143113924475298665e-12
3.141175671850532515e-12
3.139219262352732776e-12
3.137244728844287940e-12
3.135252104478282322e-12
3.133241422697550541e-12
3.131212717233728357e-12
3.129166022106295037e-12
3.127101371621605213e-12
3.125018800371916297e-12
3.122918343234409841e-12
3.120800035370197949e-12
3.118663912223332923e-12
3.116510009519799138e-12
3.114338363266503299e-12
3.112149009750255812e-12
3.109941985536745695e-12
3.107717327469507814e-12
3.105475072668880023e-12
3.103215258530959492e-12
3.100937922726543287e-12
3.098643103200069757e-12
3.096330838168550225e-12
3.094001166120488972e-12
3.091654125814804020e-12
3.089289756279735403e-12
3.086908096811749797e-12
3.084509186974435052e-12
3.082093066597390290e-12
3.079659775775108318e-12
3.077209354865853199e-12
3.074741844490527725e-12
3.072257285531537260e-12
3.069755719131643878e-12
3.067237186692819303e-12
3.064701729875085313e-12
3.062149390595350931e-12
3.059580211026244752e-12
3.056994233594933951e-12
3.054391500981949752e-12
3.051772056119989469e-12
3.049135942192729859e-12
3.046483202633621891e-12
3.043813881124684309e-12
3.041128021595291538e-12
3.038425668220953509e-12
3.035706865422092257e-12
3.032971657862808018e-12
3.030220090449646534e-12
3.027452208330352627e-12
3.024668056892625797e-12
3.021867681762863290e-12
3.019051128804899943e-12
3.016218444118746814e-12
3.013369674039316483e-12
3.010504865135149162e-12
3.007624064207130324e-12
3.004727318287202674e-12
3.001814674637076508e-12
2.998886180746928355e-12
2.995941884334102051e-12
2.992981833341797681e-12
2.990006075937758924e-12
2.987014660512956747e-12
2.984007635680263413e-12
2.980985050273126489e-12
2.977946953344235584e-12
2.974893394164181409e-12
2.971824422220118473e-12
2.968740087214410825e-12
2.965640439063286664e-12
2.962525527895477618e-12
2.959395404050856397e-12
2.956250118079074045e-12
2.953089720738187097e-12
2.949914262993284327e-12
2.946723796015107039e-12
2.943518371178663701e-12
2.940298040061846192e-12
2.937062854444032321e-12
2.933812866304697232e-12
2.930548127822004608e-12
2.927268691371409594e-12
2.923974609524245562e-12
2.920665935046316127e-12
2.917342720896475853e-12
2.914005020225211769e-12
2.910652886373219631e-12
2.907286372869978168e-12
2.903905533432314439e-12
2.900510421962973635e-12
2.897101092549178784e-12
2.893677599461188840e-12
2.890239997150855151e-12
2.886788340250172286e-12
2.883322683569826422e-12
2.879843082097741722e-12
2.876349590997619848e-12
2.872842265607482694e-12
2.869321161438203016e-12
2.865786334172042325e-12
2.862237839661176658e-12
2.858675733926225593e-12
2.855100073154776001e-12
2.851510913699902578e-12
2.847908312078686747e-12
2.844292324970733154e-12
2.840663009216680897e-12
2.837020421816716789e-12
2.833364619929079720e-12
2.829695660868571902e-12
2.826013602105055559e-12
2.822318501261959320e-12
2.818610416114772894e-12
2.814889404589547400e-12
2.811155524761384395e-12
2.807408834852933370e-12
2.803649393232877950e-12
2.799877258414426127e-12
2.796092489053794436e-12
2.792295143948696569e-12
2.788485282036818266e-12
2.784662962394304316e-12
2.780828244234237076e-12
2.776981186905109744e-12
2.773121849889304472e-12
2.769250292801568065e-12
2.765366575387481612e-12
2.761470757521934563e-12
2.757562899207591945e-12
2.753643060573363187e-12
2.749711301872872158e-12
2.745767683482920342e-12
2.741812265901953238e-12
2.737845109748523539e-12
2.733866275759753087e-12
2.729875824789798068e-12
2.725873817808304915e-12
2.721860315898875499e-12
2.717835380257521820e-12
2.713799072191127566e-12
2.709751453115906033e-12
2.705692584555854006e-12
2.701622528141211305e-12
2.697541345606917888e-12
2.693449098791065321e-12
2.689345849633354691e-12
2.685231660173552114e-12
2.681106592549939782e-12
2.676970708997775104e-12
2.672824071847741352e-12
2.668666743524400741e-12
2.664498786544652753e-12
2.660320263516183171e-12
2.656131237135920795e-12
2.651931770188488897e-12
2.647721925544662740e-12
2.643501766159821848e-12
2.639271355072403079e-12
2.635030755402358142e-12
2.630780030349607483e-12
2.626519243192496189e-12
2.622248457286247864e-12
2.617967736061425789e-12
2.613677143022385189e-12
2.609376741745733574e-12
2.605066595878790280e-12
2.600746769138041566e-12
2.596417325307604587e-12
2.592078328237685730e-12
2.587729841843043778e-12
2.583371930101451471e-12
2.579004657052159892e-12
2.574628086794362444e-12
2.570242283485659236e-12
2.565847311340529546e-12
2.561443234628792167e-12
2.557030117674080289e-12
2.552608024852309927e-12
2.548177020590153189e-12
2.543737169363510333e-12
2.539288535695986677e-12
2.534831184157365460e-12
2.530365179362090000e-12
2.525890585967740195e-12
2.521407468673516297e-12
2.516915892218719449e-12
2.512415921381238687e-12
2.507907620976034312e-12
2.503391055853630139e-12
2.498866290898602118e-12
2.494333391028069374e-12
2.489792421190191308e-12
2.485243446362660657e-12
2.480686531551205846e-12
2.476121741788088895e-12
2.471549142130607367e-12
2.466968797659603178e-12
2.462380773477967779e-12
2.457785134709150968e-12
2.453181946495675355e-12
2.448571273997649620e-12
2.443953182391285810e-12
2.439327736867419053e-12
2.434695002630030105e-12
2.430055044894770726e-12
2.425407928887489452e-12
2.420753719842762625e-12
2.416092483002430672e-12
2.411424283614128321e-12
2.406749186929828558e-12
2.402067258204380112e-12
2.397378562694054641e-12
2.392683165655095530e-12
2.387981132342264267e-12
2.383272528007398532e-12
2.378557417897967052e-12
2.373835867255629307e-12
2.369107941314800486e-12
2.364373705301216032e-12
2.359633224430503877e-12
2.354886563906756250e-12
2.350133788921105551e-12
2.345374964650305448e-12
2.340610156255315634e-12
2.335839428879885354e-12
2.331062847649147847e-12
2.326280477668212764e-12
2.321492384020764244e-12
2.316698631767661412e-12
2.311899285945545741e-12
2.307094411565448819e-12
2.302284073611404565e-12
2.297468337039068703e-12
2.292647266774334611e-12
2.287820927711962901e-12
2.282989384714206551e-12
2.278152702609445332e-12
2.273310946190819422e-12
2.268464180214873532e-12
2.263612469400200611e-12
2.258755878426088799e-12
2.253894471931175235e-12
2.249028314512106334e-12
2.244157470722195232e-12
2.239282005070089736e-12
2.234401982018441079e-12
2.229517465982582370e-12
2.224628521329201794e-12
2.219735212375030351e-12
2.214837603385527573e-12
2.209935758573576943e-12
2.205029742098178477e-12
2.200119618063152216e-12
2.195205450515847775e-12
2.190287303445849454e-12
2.185365240783694263e-12
2.180439326399595211e-12
2.175509624102160545e-12
2.170576197637128342e-12
2.165639110686098679e-12
2.160698426865273471e-12
2.155754209724202782e-12
2.150806522744529910e-12
2.145855429338749813e-12
2.140900992848965915e-12
2.135943276545656199e-12
2.130982343626439304e-12
2.126018257214852330e-12
2.121051080359129462e-12
2.116080876030983402e-12
2.111107707124399748e-12
2.106131636454429740e-12
2.101152726755987862e-12
2.096171040682662363e-12
2.091186640805521746e-12
2.086199589611931752e-12
2.081209949504378808e-12
2.076217782799292671e-12
2.071223151725882797e-12
2.066226118424971488e-12
2.061226744947840357e-12
2.056225093255075594e-12
2.051221225215424931e-12
2.046215202604654217e-12
2.041207087104412866e-12
2.036196940301106989e-12
2.031184823684770500e-12
2.026170798647949960e-12
2.021154926484592241e-12
2.016137268388936237e-12
2.011117885454410224e-12
2.006096838672539319e-12
2.001074188931852941e-12
1.996049997016800345e-12
1.991024323606675453e-12
1.985997229274540465e-12
1.980968774486159573e-12
1.975939019598941156e-12
1.970908024860879571e-12
1.965875850409504615e-12
1.960842556270843108e-12
1.955808202358376436e-12
1.950772848472013036e-12
1.945736554297058864e-12
1.940699379403202401e-12
1.935661383243495626e-12
1.930622625153353154e-12
1.925583164349542900e-12
1.920543059929196937e-12
1.915502370868819929e-12
1.910461156023305641e-12
1.905419474124959510e-12
1.900377383782528081e-12
1.895334943480233288e-12
1.890292211576815627e-12
1.885249246304577319e-12
1.880206105768442848e-12
1.875162847945010615e-12
1.870119530681624374e-12
1.865076211695445484e-12
1.860032948572526368e-12
1.854989798766901748e-12
1.849946819599674624e-12
1.844904068258115989e-12
1.839861601794767776e-12
1.834819477126552664e-12
1.829777751033890360e-12
1.824736480159819519e-12
1.819695721009128565e-12
1.814655529947489126e-12
1.809615963200596745e-12
1.804577076853322092e-12
1.799538926848861972e-12
1.794501568987902853e-12
1.789465058927785815e-12
1.784429452181681784e-12
1.779394804117771024e-12
1.774361169958430088e-12
1.769328604779423017e-12
1.764297163509103441e-12
1.759266900927618497e-12
1.754237871666121435e-12
1.749210130205991287e-12
1.744183730878058600e-12
1.739158727861833988e-12
1.734135175184753053e-12
1.729113126721413016e-12
1.724092636192830556e-12
1.719073757165697028e-12
1.714056543051643168e-12
1.709041047106510460e-12
1.704027322429628972e-12
1.699015421963100235e-12
1.694005398491088205e-12
1.688997304639118498e-12
1.683991192873379856e-12
1.678987115500034889e-12
1.673985124664537096e-12
1.668985272350955339e-12
1.663987610381303378e-12
1.658992190414875056e-12
1.653999063947589785e-12
1.649008282311341465e-12
1.644019896673355073e-12
1.639033958035547704e-12
1.634050517233901515e-12
1.629069624937837690e-12
1.624091331649600292e-12
1.619115687703644360e-12
1.614142743266033905e-12
1.609172548333841713e-12
1.604205152734561276e-12
1.599240606125521340e-12
1.594278957993307932e-12
1.589320257653193652e-12
1.584364554248573834e-12
1.579411896750407552e-12
1.574462333956667110e-12
1.569515914491793586e-12
1.564572686806158038e-12
1.559632699175531386e-12
1.554695999700556925e-12
1.549762636306234548e-12
1.544832656741408201e-12
1.539906108578260204e-12
1.534983039211812640e-12
1.530063495859437025e-12
1.525147525560365796e-12
1.520235175175216316e-12
1.515326491385517509e-12
1.510421520693242753e-12
1.505520309420352265e-12
1.500622903708340128e-12
1.495729349517788799e-12
1.490839692627926229e-12
1.485953978636196931e-12
1.481072252957832834e-12
1.476194560825434042e-12
1.471320947288554639e-12
1.466451457213296766e-12
1.461586135281908550e-12
1.456725025992391108e-12
1.451868173658110400e-12
1.447015622407416361e-12
1.442167416183268079e-12
1.437323598742865038e-12
1.432484213657286443e-12
1.427649304311134975e-12
1.422818913902188034e-12
1.417993085441054826e-12
1.413171861750841129e-12
1.408355285466819917e-12
1.403543399036106222e-12
1.398736244717341488e-12
1.393933864580382976e-12
1.389136300505999831e-12
1.384343594185573995e-12
1.379555787120810615e-12
1.374772920623450669e-12
1.369995035814993896e-12
1.365222173626425553e-12
1.360454374797950256e-12
1.355691679878731659e-12
1.350934129226640029e-12
1.346181763008002424e-12
1.341434621197364810e-12
1.336692743577253750e-12
1.331956169737950436e-12
1.327224939077266918e-12
1.322499090800329422e-12
1.317778663919368927e-12
1.313063697253518004e-12
1.308354229428610888e-12
1.303650298876994049e-12
1.298951943837339594e-12
1.294259202354465936e-12
1.289572112279165329e-12
1.284890711268035241e-12
1.280215036783318615e-12
1.275545126092748973e-12
1.270881016269399964e-12
1.266222744191544002e-12
1.261570346542514332e-12
1.256923859810574778e-12
1.252283320288794328e-12
1.247648764074928594e-12
1.243020227071306113e-12
1.238397744984722730e-12
1.233781353326339409e-12
1.229171087411586513e-12
1.224566982360076155e-12
1.219969073095517384e-12
1.215377394345638428e-12
1.210791980642117636e-12
1.206212866320512589e-12
1.201640085520205977e-12
1.197073672184346229e-12
1.192513660059802076e-12
1.187960082697118519e-12
1.183412973450480286e-12
1.178872365477680725e-12
1.174338291740095552e-12
1.169810785002663668e-12
1.165289877833872416e-12
1.160775602605749703e-12
1.156267991493859763e-12
1.151767076477307998e-12
1.147272889338747446e-12
1.142785461664393319e-12
1.138304824844042391e-12
1.133831010071098237e-12
1.129364048342601533e-12
1.124903970459266602e-12
1.120450807025521808e-12
1.116004588449557817e-12
1.111565344943378696e-12
1.107133106522861484e-12
1.102707903007817986e-12
1.098289764022064654e-12
1.093878718993494676e-12
1.089474797154160778e-12
1.085078027540356003e-12
1.080688438992707010e-12
1.076306060156267577e-12
1.071930919480619376e-12
1.067563045219978796e-12
1.063202465433307823e-12
1.058849207984429545e-12
1.054503300542149730e-12
1.050164770580385266e-12
1.045833645378293202e-12
1.041509952020410702e-12
1.037193717396794387e-12
1.032884968203169777e-12
1.028583730941082149e-12
1.024290031918054255e-12
1.020003897247749095e-12
1.015725352850136120e-12
1.011454424451665109e-12
1.007191137585441863e-12
1.002935517591412589e-12
9.986875896165474628e-13
9.944473786150371324e-13
9.902149093484865845e-13
9.859902063861179013e-13
9.817732941049770565e-13
9.775641966901449504e-13
9.733629381349541011e-13
9.691695422412097777e-13
9.649840326194157789e-13
9.608064326890036442e-13
9.566367656785705490e-13
9.524750546261163923e-13
9.483213223792911834e-13
9.441755915956418226e-13
9.400378847428669605e-13
9.359082240990767031e-13
9.317866317530531258e-13
9.276731296045200758e-13
9.235677393644153993e-13
9.194704825551651867e-13
9.153813805109683184e-13
9.113004543780785863e-13
9.072277251150987309e-13
9.031632134932715500e-13
8.991069400967809025e-13
8.950589253230545303e-13
8.910191893830709185e-13
8.869877523016730226e-13
8.829646339178833080e-13
8.789498538852250493e-13
8.749434316720476701e-13
8.709453865618547064e-13
8.669557376536387384e-13
8.629745038622179372e-13
8.590017039185789738e-13
8.550373563702225518e-13
8.510814795815133849e-13
8.471340917340350198e-13
8.431952108269479916e-13
8.392648546773527252e-13
8.353430409206564756e-13
8.314297870109420856e-13
8.275251102213455280e-13
8.236290276444325400e-13
8.197415561925820216e-13
8.158627125983724643e-13
8.119925134149734277e-13
8.081309750165384304e-13
8.042781135986047066e-13
8.004339451784952855e-13
7.965984855957245036e-13
7.927717505124086668e-13
7.889537554136797416e-13
7.851445156081024796e-13
7.813440462280965906e-13
7.775523622303615411e-13
7.737694783963049874e-13
7.699954093324761575e-13
7.662301694710012515e-13
7.624737730700243956e-13
7.587262342141509196e-13
7.549875668148938639e-13
7.512577846111260417e-13
7.475369011695339177e-13
7.438249298850754249e-13
7.401218839814423260e-13
7.364277765115243911e-13
7.327426203578793323e-13
7.290664282332033428e-13
7.253992126808085034e-13
7.217409860751004912e-13
7.180917606220622459e-13
7.144515483597390501e-13
7.108203611587285569e-13
7.071982107226731401e-13
7.035851085887564852e-13
6.999810661282029072e-13
6.963860945467797975e-13
6.928002048853049191e-13
6.892234080201543060e-13
6.856557146637766263e-13
6.820971353652078475e-13
6.785476805105913546e-13
6.750073603236999865e-13
6.714761848664623140e-13
6.679541640394906332e-13
6.644413075826141099e-13
6.609376250754132356e-13
6.574431259377586260e-13
6.539578194303522424e-13
6.504817146552727538e-13
6.470148205565221101e-13
6.435571459205776685e-13
6.401086993769451288e-13
6.366694893987162137e-13
6.332395243031281667e-13
6.298188122521271882e-13
6.264073612529340931e-13
6.230051791586138048e-13
6.196122736686471727e-13
6.162286523295057167e-13
6.128543225352301090e-13
6.094892915280111789e-13
6.061335663987729386e-13
6.027871540877601514e-13
5.994500613851277184e-13
5.961222949315332959e-13
5.928038612187326394e-13
5.894947665901783806e-13
5.861950172416205207e-13
5.829046192217110643e-13
5.796235784326107727e-13
5.763519006305987460e-13
5.730895914266849316e-13
5.698366562872259667e-13
5.665931005345424329e-13
5.633589293475408577e-13
5.601341477623365229e-13
5.569187606728804140e-13
5.537127728315883898e-13
5.505161888499735840e-13
5.473290131992804223e-13
5.441512502111228803e-13
5.409829040781242557e-13
5.378239788545601723e-13
5.346744784570047139e-13
5.315344066649787792e-13
5.284037671216005581e-13
5.252825633342401471e-13
5.221707986751758814e-13
5.190684763822535960e-13
5.159755995595486120e-13
5.128921711780302480e-13
5.098181940762293606e-13
5.067536709609081059e-13
5.036986044077336397e-13
5.006529968619516152e-13
4.976168506390667492e-13
4.945901679255210655e-13
4.915729507793798131e-13
4.885652011310154648e-13
4.855669207837984822e-13
4.825781114147874741e-13
4.795987745754239999e-13
4.766289116922295945e-13
4.736685240675051156e-13
4.707176128800331203e-13
4.677761791857835736e-13
4.648442239186204661e-13
4.619217478910134795e-13
4.590087517947500575e-13
4.561052362016523220e-13
4.532112015642954539e-13
4.503266482167287000e-13
4.474515763752001652e-13
4.445859861388834735e-13
4.417298774906075084e-13
4.388832502975894355e-13
4.360461043121689357e-13
4.332184391725474882e-13
4.304002544035288648e-13
4.275915494172629056e-13
4.247923235139923747e-13
4.220025758828024920e-13
4.192223056023730893e-13
4.164515116417344533e-13
4.136901928610253384e-13
4.109383480122542117e-13
4.081959757400633240e-13
4.054630745824961651e-13
4.027396429717674920e-13
4.000256792350366912e-13
3.973211815951838153e-13
3.946261481715892553e-13
3.919405769809161899e-13
3.892644659378958113e-13
3.865978128561166906e-13
3.839406154488162141e-13
3.812928713296762595e-13
3.786545780136212962e-13
3.760257329176203727e-13
3.734063333614919821e-13
3.707963765687128653e-13
3.681958596672294900e-13
3.656047796902732156e-13
3.630231335771796988e-13
3.604509181742105204e-13
3.578881302353791543e-13
3.553347664232807234e-13
3.527908233099245814e-13
3.502562973775713898e-13
3.477311850195735763e-13
3.452154825412197817e-13
3.427091861605827407e-13
3.402122920093715036e-13
3.377247961337875467e-13
3.352466944953844660e-13
3.327779829719324174e-13
3.303186573582860912e-13
3.278687133672574318e-13
3.254281466304919422e-13
3.229969526993497347e-13
3.205751270457914276e-13
3.181626650632672736e-13
3.157595620676120945e-13
3.133658132979440013e-13
3.109814139175681643e-13
3.086063590148851769e-13
3.062406436043047707e-13
3.038842626271635202e-13
3.015372109526485538e-13
2.991994833787256086e-13
2.968710746330728391e-13
2.945519793740196250e-13
2.922421921914909829e-13
2.899417076079572791e-13
2.876505200793894958e-13
2.853686239962205562e-13
2.830960136843123036e-13
2.808326834059282366e-13
2.785786273607123529e-13
2.763338396866745562e-13
2.740983144611818191e-13
2.718720457019562123e-13
2.696550273680789916e-13
2.674472533610021069e-13
2.652487175255658712e-13
2.630594136510238984e-13
2.608793354720752117e-13
2.587084766699034191e-13
2.565468308732237656e-13
2.543943916593371014e-13
2.522511525551924343e-13
2.501171070384565482e-13
2.479922485385923578e-13
2.458765704379455928e-13
2.437700660728393579e-13
2.416727287346781848e-13
2.395845516710601621e-13
2.375055280868987586e-13
2.354356511455535321e-13
2.333749139699706331e-13
2.313233096438329517e-13
2.292808312127200075e-13
2.272474716852784936e-13
2.252232240344028665e-13
2.232080811984265642e-13
2.212020360823248360e-13
2.192050815589280733e-13
2.172172104701468796e-13
2.152384156282092062e-13
2.132686898169088474e-13
2.113080257928675171e-13
2.093564162868083354e-13
2.074138540048431739e-13
2.054803316297729508e-13
2.035558418224018859e-13
2.016403772228655636e-13
1.997339304519735869e-13
1.978364941125668977e-13
1.959480607908903694e-13
1.940686230579808997e-13
1.921981734710714560e-13
1.903367045750117326e-13
1.884842089037053915e-13
1.866406789815650003e-13
1.848061073249841342e-13
1.829804864438284627e-13
1.811638088429450862e-13
1.793560670236914874e-13
1.775572534854838946e-13
1.757673607273666486e-13
1.739863812496017880e-13
1.722143075552809265e-13
1.704511321519584341e-13
1.686968475533083229e-13
1.669514462808037762e-13
1.652149208654213657e-13
1.634872638493696288e-13
1.617684677878434700e-13
1.600585252508049163e-13
1.583574288247905809e-13
1.566651711147472985e-13
1.549817447458964364e-13
1.533071423656275654e-13
1.516413566454227245e-13
1.499843802828121145e-13
1.483362060033621287e-13
1.466968265626964521e-13
1.450662347485518202e-13
1.434444233828691700e-13
1.418313853239210141e-13
1.402271134684771102e-13
1.386316007540082486e-13
1.370448401609308576e-13
1.354668247148924535e-13
1.338975474891003080e-13
1.323370016066937351e-13
1.307851802431624997e-13
1.292420766288117232e-13
1.277076840512759144e-13
1.261819958580827545e-13
1.246650054592691870e-13
1.231567063300509735e-13
1.216570920135478110e-13
1.201661561235656498e-13
1.186838923474386888e-13
1.172102944489323577e-13
1.157453562712103435e-13
1.142890717398667689e-13
1.128414348660270731e-13
1.114024397495189793e-13
1.099720805821166573e-13
1.085503516508605780e-13
1.071372473414556741e-13
1.057327621417508854e-13
1.043368906453030306e-13
1.029496275550278571e-13
1.015709676869419940e-13
1.002009059739988726e-13
9.883943747002237868e-14
9.748655735374183183e-14
9.614226093293220492e-14
9.480654364866392623e-14
9.347940107966618896e-14
9.216082894680841327e-14
9.085082311770451812e-14
8.954937961144521581e-14
8.825649460346286040e-14
8.697216443053489579e-14
8.569638559593128044e-14
8.442915477471180824e-14
8.317046881917981318e-14
8.192032476449859394e-14
8.067871983447774021e-14
7.944565144753630260e-14
7.822111722285082122e-14
7.700511498669597497e-14
7.579764277898659879e-14
7.459869886002973975e-14
7.340828171749635728e-14
7.222639007362262616e-14
7.105302289265109101e-14
6.988817938852319610e-14
6.873185903283423441e-14
6.758406156306374176e-14
6.644478699109399548e-14
6.531403561203046387e-14
6.419180801333902424e-14
6.307810508431536090e-14
6.197292802590272408e-14
6.087627836087607376e-14
5.978815794441030399e-14
5.870856897505293213e-14
5.763751400612143494e-14
5.657499595754788152e-14
5.552101812819436465e-14
5.447558420866396310e-14
5.343869829463447883e-14
5.241036490074321567e-14
5.139058897505306639e-14
5.037937591413286373e-14
4.937673157878615614e-14
4.838266231046589489e-14
4.739717494841458926e-14
4.642027684757252195e-14
4.545197589729972182e-14
4.449228054096036356e-14
4.354119979642258050e-14
4.259874327752976279e-14
4.166492121660441132e-14
4.073974448804993466e-14
3.982322463312097614e-14
3.891537388593841829e-14
3.801620520083136492e-14
3.712573228109521057e-14
3.624396960926188692e-14
3.537093247898707203e-14
3.450663702866735273e-14
3.365110027691079350e-14
3.280434015999462082e-14
3.196637557145611988e-14
3.113722640397580962e-14
3.031691359372683684e-14
2.950545916738058477e-14
2.870288629197695125e-14
2.790921932788764946e-14
2.712448388512361946e-14
2.634870688326291361e-14
2.558191661530353118e-14
2.482414281577756895e-14
2.407541673349880326e-14
2.333577120935602516e-14
2.260524075961019498e-14
2.188386166520482170e-14
2.117167206765790665e-14
2.046871207217035206e-14
1.977502385866193898e-14
1.909065180153327420e-14
1.841564259905218750e-14
1.775004541337830926e-14
1.709391202237281053e-14
1.644729698449440189e-14
1.581025781826217597e-14
1.518285519797511558e-14
1.456515316762314774e-14
1.395721937521287978e-14
1.335912533007125214e-14
1.277094668609382781e-14
1.219276355438487614e-14
1.162466084931162468e-14
1.106672867268673650e-14
1.051906274163019732e-14
9.981764866679540702e-15
9.454943487963463991e-15
8.938714278788617771e-15
8.433200827893127351e-15
7.938535413999310862e-15
7.454859889294322733e-15
6.982326692273445662e-15
6.521100015259955895e-15
6.071357158232467045e-15
5.633290108857695149e-15
5.207107399572046899e-15
4.793036307233704770e-15
4.391325480827008967e-15
4.002248110265101684e-15
3.626105788055217302e-15
3.263233271018978119e-15
2.914004430312670946e-15
2.578839799393175798e-15
2.258216316439922911e-15
1.952680154534504600e-15
1.662864021772047274e-15
1.389511154034257706e-15
1.133509744480870556e-15
8.959444852383390394e-16
6.781780060893694521e-16
4.819890892156168022e-16
3.098318763901410955e-16
1.654014889141327061e-16
5.524790496425025898e-17
2.789641433610780096e-17
2.789641433610780096e-17
2.789641433610780096e-17
2.789641433610780096e-17
2.789641433610780096e-17
2.789641433610780096e-17
2.789641433610780096e-17
2.789641433610780096e-17
2.789641433610780096e-17
2.789641433610780096e-17
2.789641433610780096e-17
2.789641433610780096e-17
2.789641433610780096e-17
2.789641433610780096e-17
2.789641433610780096e-17
2.789641433610780096e-17
2.789641433610780096e-17
2.789641433610780096e-17
2.789641433610780096e-17
2.789641433610780096e-17
2.789641433610780096e-17
2.789641433610780096e-17
2.789641433610780096e-17
2.789641433610780096e-17
2.789641433610780096e-17
2.789641433610780096e-17
2.789641433610780096e-17
2.789641433610780096e-17
2.789641433610780096e-17
2.789641433610780096e-17
2.789641433610780096e-17
2.789641433610780096e-17
2.789641433610780096e-17
2.789641433610780096e-17
2.789641433610780096e-17
2.789641433610780096e-17
2.789641433610780096e-17
2.789641433610780096e-17
2.789641433610780096e-17
2.789641433610780096e-17
2.789641433610780096e-17
2.789641433610780096e-17
2.789641433610780096e-17
2.789641433610780096e-17
2.789641433610780096e-17
2.789641433610780096e-17
2.789641433610780096e-17
2.789641433610780096e-17
2.789641433610780096e-17
2.789641433610780096e-17
2.789641433610780096e-17
2.789641433610780096e-17
2.789641433610780096e-17
2.789641433610780096e-17
2.789641433610780096e-17
2.789641433610780096e-17
2.789641433610780096e-17
2.789641433610780096e-17
2.789641433610780096e-17
2.789641433610780096e-17
2.789641433610780096e-17
2.789641433610780096e-17
2.789641433610780096e-17
2.789641433610780096e-17
2.789641433610780096e-17
2.789641433610780096e-17
2.789641433610780096e-17
2.789641433610780096e-17
2.789641433610780096e-17
2.789641433610780096e-17
2.789641433610780096e-17
2.789641433610780096e-17
2.789641433610780096e-17
2.789641433610780096e-17
2.789641433610780096e-17
2.789641433610780096e-17
2.789641433610780096e-17
2.789641433610780096e-17
2.789641433610780096e-17
2.789641433610780096e-17
2.789641433610780096e-17
2.789641433610780096e-17
2.789641433610780096e-17
2.789641433610780096e-17
2.789641433610780096e-17
2.789641433610780096e-17
2.789641433610780096e-17
2.789641433610780096e-17
2.789641433610780096e-17
2.789641433610780096e-17
2.789641433610780096e-17
2.789641433610780096e-17
2.789641433610780096e-17
2.789641433610780096e-17
2.789641433610780096e-17
2.789641433610780096e-17
2.789641433610780096e-17
2.789641433610780096e-17
2.789641433610780096e-17
2.789641433610780096e-17
2.789641433610780096e-17
2.789641433610780096e-17
2.789641433610780096e-17
2.789641433610780096e-17
2.789641433610780096e-17
2.789641433610780096e-17
2.789641433610780096e-17
2.789641433610780096e-17
2.789641433610780096e-17
2.789641433610780096e-17
2.789641433610780096e-17
2.789641433610780096e-17
2.789641433610780096e-17
2.789641433610780096e-17
2.789641433610780096e-17
2.789641433610780096e-17
2.789641433610780096e-17
2.789641433610780096e-17
2.789641433610780096e-17
2.789641433610780096e-17
2.789641433610780096e-17
2.789641433610780096e-17
2.789641433610780096e-17
2.789641433610780096e-17
2.789641433610780096e-17
2.789641433610780096e-17
2.789641433610780096e-17
2.789641433610780096e-17
2.789641433610780096e-17
2.789641433610780096e-17
2.789641433610780096e-17
2.789641433610780096e-17
2.789641433610780096e-17
2.789641433610780096e-17
2.789641433610780096e-17
2.789641433610780096e-17
2.789641433610780096e-17
2.789641433610780096e-17
2.789641433610780096e-17
2.789641433610780096e-17
2.789641433610780096e-17
2.789641433610780096e-17
2.789641433610780096e-17
2.789641433610780096e-17
2.789641433610780096e-17
2.789641433610780096e-17
2.789641433610780096e-17
2.789641433610780096e-17
2.789641433610780096e-17
2.789641433610780096e-17
2.789641433610780096e-17
2.789641433610780096e-17
2.789641433610780096e-17
2.789641433610780096e-17
2.789641433610780096e-17
2.789641433610780096e-17
2.789641433610780096e-17
2.789641433610780096e-17
2.789641433610780096e-17
2.789641433610780096e-17
2.789641433610780096e-17
2.789641433610780096e-17
2.789641433610780096e-17
2.789641433610780096e-17
2.789641433610780096e-17
2.789641433610780096e-17
2.789641433610780096e-17
2.789641433610780096e-17
2.789641433610780096e-17
2.789641433610780096e-17
2.789641433610780096e-17
2.789641433610780096e-17
2.789641433610780096e-17
2.789641433610780096e-17
2.789641433610780096e-17
2.789641433610780096e-17
2.789641433610780096e-17
2.789641433610780096e-17
2.789641433610780096e-17
2.789641433610780096e-17
2.789641433610780096e-17
2.789641433610780096e-17
2.789641433610780096e-17
2.789641433610780096e-17
2.789641433610780096e-17
2.789641433610780096e-17
2.789641433610780096e-17
2.789641433610780096e-17
2.789641433610780096e-17
2.789641433610780096e-17
2.789641433610780096e-17
2.789641433610780096e-17
2.789641433610780096e-17
2.789641433610780096e-17
2.789641433610780096e-17
2.789641433610780096e-17
2.789641433610780096e-17
2.789641433610780096e-17
2.789641433610780096e-17
2.789641433610780096e-17
2.789641433610780096e-17
2.789641433610780096e-17
2.789641433610780096e-17
2.789641433610780096e-17
2.789641433610780096e-17
2.789641433610780096e-17
2.789641433610780096e-17
2.789641433610780096e-17
2.789641433610780096e-17
2.789641433610780096e-17
2.789641433610780096e-17
2.789641433610780096e-17
2.789641433610780096e-17
2.789641433610780096e-17
2.789641433610780096e-17
2.789641433610780096e-17
2.789641433610780096e-17
2.789641433610780096e-17
2.789641433610780096e-17
2.789641433610780096e-17
2.789641433610780096e-17
2.789641433610780096e-17
2.789641433610780096e-17
2.789641433610780096e-17
2.789641433610780096e-17
2.789641433610780096e-17
2.789641433610780096e-17
2.789641433610780096e-17
2.789641433610780096e-17
2.789641433610780096e-17
2.789641433610780096e-17
2.789641433610780096e-17
2.789641433610780096e-17
2.789641433610780096e-17
2.789641433610780096e-17
2.789641433610780096e-17
2.789641433610780096e-17
2.789641433610780096e-17
2.789641433610780096e-17
2.789641433610780096e-17
2.789641433610780096e-17
2.789641433610780096e-17
2.789641433610780096e-17
2.789641433610780096e-17
2.789641433610780096e-17
2.789641433610780096e-17
2.789641433610780096e-17
2.789641433610780096e-17
2.789641433610780096e-17
2.789641433610780096e-17
2.789641433610780096e-17
2.789641433610780096e-17
2.789641433610780096e-17
2.789641433610780096e-17
2.789641433610780096e-17
2.789641433610780096e-17
2.789641433610780096e-17
2.789641433610780096e-17
2.789641433610780096e-17
2.789641433610780096e-17
2.789641433610780096e-17
2.789641433610780096e-17
2.789641433610780096e-17
2.789641433610780096e-17
2.789641433610780096e-17
2.789641433610780096e-17
2.789641433610780096e-17
2.789641433610780096e-17
2.789641433610780096e-17
2.789641433610780096e-17
2.789641433610780096e-17
2.789641433610780096e-17
2.789641433610780096e-17
2.789641433610780096e-17
2.789641433610780096e-17
2.789641433610780096e-17
2.789641433610780096e-17
2.789641433610780096e-17
2.789641433610780096e-17
2.789641433610780096e-17
2.789641433610780096e-17
2.789641433610780096e-17
2.789641433610780096e-17
2.789641433610780096e-17
2.789641433610780096e-17
2.789641433610780096e-17
2.789641433610780096e-17
2.789641433610780096e-17
2.789641433610780096e-17
2.789641433610780096e-17
2.789641433610780096e-17
2.789641433610780096e-17
2.789641433610780096e-17
2.789641433610780096e-17
2.789641433610780096e-17
2.789641433610780096e-17
2.789641433610780096e-17
2.789641433610780096e-17
2.789641433610780096e-17
2.789641433610780096e-17
2.789641433610780096e-17
2.789641433610780096e-17
2.789641433610780096e-17
2.789641433610780096e-17
2.789641433610780096e-17
2.789641433610780096e-17
2.789641433610780096e-17
2.789641433610780096e-17
2.789641433610780096e-17
2.789641433610780096e-17
2.789641433610780096e-17
2.789641433610780096e-17
2.789641433610780096e-17
2.789641433610780096e-17
2.789641433610780096e-17
2.789641433610780096e-17
2.789641433610780096e-17
2.789641433610780096e-17
2.789641433610780096e-17
2.789641433610780096e-17
2.789641433610780096e-17
2.789641433610780096e-17
2.789641433610780096e-17
2.789641433610780096e-17
2.789641433610780096e-17
2.789641433610780096e-17
2.789641433610780096e-17
2.789641433610780096e-17
2.789641433610780096e-17
2.789641433610780096e-17
2.789641433610780096e-17
2.789641433610780096e-17
2.789641433610780096e-17
2.789641433610780096e-17
2.789641433610780096e-17
2.789641433610780096e-17
2.789641433610780096e-17
2.789641433610780096e-17
2.789641433610780096e-17
2.789641433610780096e-17
2.789641433610780096e-17
2.789641433610780096e-17
2.789641433610780096e-17
2.789641433610780096e-17
2.789641433610780096e-17
2.789641433610780096e-17
2.789641433610780096e-17
2.789641433610780096e-17
2.789641433610780096e-17
2.789641433610780096e-17
2.789641433610780096e-17
2.789641433610780096e-17
2.789641433610780096e-17
2.789641433610780096e-17
2.789641433610780096e-17
2.789641433610780096e-17
2.789641433610780096e-17
2.789641433610780096e-17
2.789641433610780096e-17
2.789641433610780096e-17
2.789641433610780096e-17
2.789641433610780096e-17
2.789641433610780096e-17
2.789641433610780096e-17
2.789641433610780096e-17
2.789641433610780096e-17
2.789641433610780096e-17
2.789641433610780096e-17
2.789641433610780096e-17
2.789641433610780096e-17
2.789641433610780096e-17
2.789641433610780096e-17
2.789641433610780096e-17
2.789641433610780096e-17
2.789641433610780096e-17
2.789641433610780096e-17
2.789641433610780096e-17
2.789641433610780096e-17
2.789641433610780096e-17
2.789641433610780096e-17
2.789641433610780096e-17
2.789641433610780096e-17
2.789641433610780096e-17
2.789641433610780096e-17
2.789641433610780096e-17
2.789641433610780096e-17
2.789641433610780096e-17
2.789641433610780096e-17
2.789641433610780096e-17
2.789641433610780096e-17
2.789641433610780096e-17
2.789641433610780096e-17
2.789641433610780096e-17
2.789641433610780096e-17
2.789641433610780096e-17
2.789641433610780096e-17
2.789641433610780096e-17
2.789641433610780096e-17
2.789641433610780096e-17
2.789641433610780096e-17
2.789641433610780096e-17
2.789641433610780096e-17
2.789641433610780096e-17
2.789641433610780096e-17
2.789641433610780096e-17
2.789641433610780096e-17
2.789641433610780096e-17
2.789641433610780096e-17
2.789641433610780096e-17
2.789641433610780096e-17
2.789641433610780096e-17
2.789641433610780096e-17
2.789641433610780096e-17
2.789641433610780096e-17
2.789641433610780096e-17
2.789641433610780096e-17
2.789641433610780096e-17
2.789641433610780096e-17
2.789641433610780096e-17
2.789641433610780096e-17
2.789641433610780096e-17
2.789641433610780096e-17
2.789641433610780096e-17
2.789641433610780096e-17
2.789641433610780096e-17
2.789641433610780096e-17
2.789641433610780096e-17
2.789641433610780096e-17
2.789641433610780096e-17
2.789641433610780096e-17
2.789641433610780096e-17
2.789641433610780096e-17
2.789641433610780096e-17
2.789641433610780096e-17
2.789641433610780096e-17
2.789641433610780096e-17
2.789641433610780096e-17
2.789641433610780096e-17
2.789641433610780096e-17
2.789641433610780096e-17
2.789641433610780096e-17
2.789641433610780096e-17
2.789641433610780096e-17
2.789641433610780096e-17
2.789641433610780096e-17
2.789641433610780096e-17
2.789641433610780096e-17
2.789641433610780096e-17
2.789641433610780096e-17
2.789641433610780096e-17
2.789641433610780096e-17
2.789641433610780096e-17
2.789641433610780096e-17
2.789641433610780096e-17
2.789641433610780096e-17
2.789641433610780096e-17
2.789641433610780096e-17
2.789641433610780096e-17
2.789641433610780096e-17
2.789641433610780096e-17
2.789641433610780096e-17
2.789641433610780096e-17
2.789641433610780096e-17
2.789641433610780096e-17
2.789641433610780096e-17
2.789641433610780096e-17
2.789641433610780096e-17
2.789641433610780096e-17
2.789641433610780096e-17
2.789641433610780096e-17
2.789641433610780096e-17
2.789641433610780096e-17
2.789641433610780096e-17
2.789641433610780096e-17
2.789641433610780096e-17
2.789641433610780096e-17
2.789641433610780096e-17
2.789641433610780096e-17
2.789641433610780096e-17
2.789641433610780096e-17
2.789641433610780096e-17
2.789641433610780096e-17
2.789641433610780096e-17
2.789641433610780096e-17
2.789641433610780096e-17
2.789641433610780096e-17
2.789641433610780096e-17
2.789641433610780096e-17
2.789641433610780096e-17
2.789641433610780096e-17
2.789641433610780096e-17
2.789641433610780096e-17
2.789641433610780096e-17
2.789641433610780096e-17
2.789641433610780096e-17
2.789641433610780096e-17
2.789641433610780096e-17
2.789641433610780096e-17
2.789641433610780096e-17
2.789641433610780096e-17
2.789641433610780096e-17
2.789641433610780096e-17
2.789641433610780096e-17
2.789641433610780096e-17
2.789641433610780096e-17
2.789641433610780096e-17
2.789641433610780096e-17
2.789641433610780096e-17
2.789641433610780096e-17
2.789641433610780096e-17
2.789641433610780096e-17
2.789641433610780096e-17
2.789641433610780096e-17
2.789641433610780096e-17
2.789641433610780096e-17
2.789641433610780096e-17
2.789641433610780096e-17
2.789641433610780096e-17
2.789641433610780096e-17
2.789641433610780096e-17
2.789641433610780096e-17
2.789641433610780096e-17
2.789641433610780096e-17
2.789641433610780096e-17
2.789641433610780096e-17
2.789641433610780096e-17
2.789641433610780096e-17
2.789641433610780096e-17
2.789641433610780096e-17
2.789641433610780096e-17
2.789641433610780096e-17
2.789641433610780096e-17
2.789641433610780096e-17
2.789641433610780096e-17
2.789641433610780096e-17
2.789641433610780096e-17
2.789641433610780096e-17
2.789641433610780096e-17
2.789641433610780096e-17
2.789641433610780096e-17
2.789641433610780096e-17
2.789641433610780096e-17
2.789641433610780096e-17
2.789641433610780096e-17
2.789641433610780096e-17
2.789641433610780096e-17
2.789641433610780096e-17
2.789641433610780096e-17
2.789641433610780096e-17
2.789641433610780096e-17
2.789641433610780096e-17
2.789641433610780096e-17
2.789641433610780096e-17
2.789641433610780096e-17
2.789641433610780096e-17
2.789641433610780096e-17
2.789641433610780096e-17
2.789641433610780096e-17
2.789641433610780096e-17
2.789641433610780096e-17
2.789641433610780096e-17
2.789641433610780096e-17
2.789641433610780096e-17
2.789641433610780096e-17
2.789641433610780096e-17
2.789641433610780096e-17
2.789641433610780096e-17
2.789641433610780096e-17
2.789641433610780096e-17
2.789641433610780096e-17
2.789641433610780096e-17
2.789641433610780096e-17
2.789641433610780096e-17
2.789641433610780096e-17
2.789641433610780096e-17
2.789641433610780096e-17
2.789641433610780096e-17
2.789641433610780096e-17
2.789641433610780096e-17
2.789641433610780096e-17
2.789641433610780096e-17
2.789641433610780096e-17
2.789641433610780096e-17
2.789641433610780096e-17
2.789641433610780096e-17
2.789641433610780096e-17
2.789641433610780096e-17
2.789641433610780096e-17
2.789641433610780096e-17
2.789641433610780096e-17
2.789641433610780096e-17
2.789641433610780096e-17
2.789641433610780096e-17
2.789641433610780096e-17
2.789641433610780096e-17
2.789641433610780096e-17
2.789641433610780096e-17
2.789641433610780096e-17
2.789641433610780096e-17
2.789641433610780096e-17
2.789641433610780096e-17
2.789641433610780096e-17
2.789641433610780096e-17
2.789641433610780096e-17
2.789641433610780096e-17
2.789641433610780096e-17
2.789641433610780096e-17
2.789641433610780096e-17
2.789641433610780096e-17
2.789641433610780096e-17
2.789641433610780096e-17
2.789641433610780096e-17
2.789641433610780096e-17
2.789641433610780096e-17
2.789641433610780096e-17
2.789641433610780096e-17
2.789641433610780096e-17
2.789641433610780096e-17
2.789641433610780096e-17
2.789641433610780096e-17
2.789641433610780096e-17
2.789641433610780096e-17
2.789641433610780096e-17
2.789641433610780096e-17
2.789641433610780096e-17
2.789641433610780096e-17
2.789641433610780096e-17
2.789641433610780096e-17
2.789641433610780096e-17
2.789641433610780096e-17
2.789641433610780096e-17
2.789641433610780096e-17
2.789641433610780096e-17
2.789641433610780096e-17
2.789641433610780096e-17
2.789641433610780096e-17
2.789641433610780096e-17
2.789641433610780096e-17
2.789641433610780096e-17
2.789641433610780096e-17
2.789641433610780096e-17
2.789641433610780096e-17
2.789641433610780096e-17
2.789641433610780096e-17
2.789641433610780096e-17
2.789641433610780096e-17
2.789641433610780096e-17
2.789641433610780096e-17
2.789641433610780096e-17
2.789641433610780096e-17
2.789641433610780096e-17
2.789641433610780096e-17
2.789641433610780096e-17
2.789641433610780096e-17
2.789641433610780096e-17
2.789641433610780096e-17
2.789641433610780096e-17
2.789641433610780096e-17
2.789641433610780096e-17
2.789641433610780096e-17
2.789641433610780096e-17
2.789641433610780096e-17
2.789641433610780096e-17
2.789641433610780096e-17
2.789641433610780096e-17
2.789641433610780096e-17
2.789641433610780096e-17
2.789641433610780096e-17
2.789641433610780096e-17
2.789641433610780096e-17
2.789641433610780096e-17
2.789641433610780096e-17
2.789641433610780096e-17
2.789641433610780096e-17
2.789641433610780096e-17
2.789641433610780096e-17
2.789641433610780096e-17
2.789641433610780096e-17
2.789641433610780096e-17
2.789641433610780096e-17
2.789641433610780096e-17
2.789641433610780096e-17
2.789641433610780096e-17
2.789641433610780096e-17
2.789641433610780096e-17
2.789641433610780096e-17
2.789641433610780096e-17
2.789641433610780096e-17
2.789641433610780096e-17
2.789641433610780096e-17
2.789641433610780096e-17
2.789641433610780096e-17
2.789641433610780096e-17
2.789641433610780096e-17
2.789641433610780096e-17
2.789641433610780096e-17
2.789641433610780096e-17
2.789641433610780096e-17
2.789641433610780096e-17
2.789641433610780096e-17
2.789641433610780096e-17
2.789641433610780096e-17
2.789641433610780096e-17
2.789641433610780096e-17
2.789641433610780096e-17
2.789641433610780096e-17
2.789641433610780096e-17
2.789641433610780096e-17
2.789641433610780096e-17
2.789641433610780096e-17
2.789641433610780096e-17
2.789641433610780096e-17
2.789641433610780096e-17
2.789641433610780096e-17
2.789641433610780096e-17
2.789641433610780096e-17
2.789641433610780096e-17
2.789641433610780096e-17
2.789641433610780096e-17
2.789641433610780096e-17
2.789641433610780096e-17
2.789641433610780096e-17
2.789641433610780096e-17
2.789641433610780096e-17
2.789641433610780096e-17
2.789641433610780096e-17
2.789641433610780096e-17
2.789641433610780096e-17
2.789641433610780096e-17
2.789641433610780096e-17
2.789641433610780096e-17
2.789641433610780096e-17
2.789641433610780096e-17
2.789641433610780096e-17
2.789641433610780096e-17
2.789641433610780096e-17
2.789641433610780096e-17
2.789641433610780096e-17
2.789641433610780096e-17
2.789641433610780096e-17
2.789641433610780096e-17
2.789641433610780096e-17
2.789641433610780096e-17
2.789641433610780096e-17
2.789641433610780096e-17
2.789641433610780096e-17
2.789641433610780096e-17
2.789641433610780096e-17
2.789641433610780096e-17
2.789641433610780096e-17
2.789641433610780096e-17
2.789641433610780096e-17
2.789641433610780096e-17
2.789641433610780096e-17
2.789641433610780096e-17
2.789641433610780096e-17
2.789641433610780096e-17
2.789641433610780096e-17
2.789641433610780096e-17
2.789641433610780096e-17
2.789641433610780096e-17
2.789641433610780096e-17
2.789641433610780096e-17
2.789641433610780096e-17
2.789641433610780096e-17
2.789641433610780096e-17
2.789641433610780096e-17
2.789641433610780096e-17
2.789641433610780096e-17
2.789641433610780096e-17
2.789641433610780096e-17
2.789641433610780096e-17
2.789641433610780096e-17
2.789641433610780096e-17
2.789641433610780096e-17
2.789641433610780096e-17
2.789641433610780096e-17
2.789641433610780096e-17
2.789641433610780096e-17
2.789641433610780096e-17
2.789641433610780096e-17
2.789641433610780096e-17
2.789641433610780096e-17
2.789641433610780096e-17
2.789641433610780096e-17
2.789641433610780096e-17
2.789641433610780096e-17
2.789641433610780096e-17
2.789641433610780096e-17
2.789641433610780096e-17
2.789641433610780096e-17
2.789641433610780096e-17
2.789641433610780096e-17
2.789641433610780096e-17
2.789641433610780096e-17
2.789641433610780096e-17
2.789641433610780096e-17
2.789641433610780096e-17
2.789641433610780096e-17
2.789641433610780096e-17
2.789641433610780096e-17
2.789641433610780096e-17
2.789641433610780096e-17
2.789641433610780096e-17
2.789641433610780096e-17
2.789641433610780096e-17
2.789641433610780096e-17
2.789641433610780096e-17
2.789641433610780096e-17
2.789641433610780096e-17
2.789641433610780096e-17
2.789641433610780096e-17
2.789641433610780096e-17
2.789641433610780096e-17
2.789641433610780096e-17
2.789641433610780096e-17
2.789641433610780096e-17
2.789641433610780096e-17
2.789641433610780096e-17
2.789641433610780096e-17
2.789641433610780096e-17
2.789641433610780096e-17
2.789641433610780096e-17
2.789641433610780096e-17
2.789641433610780096e-17
2.789641433610780096e-17
2.789641433610780096e-17
2.789641433610780096e-17
2.789641433610780096e-17
2.789641433610780096e-17
2.789641433610780096e-17
2.789641433610780096e-17
2.789641433610780096e-17
2.789641433610780096e-17
2.789641433610780096e-17
2.789641433610780096e-17
2.789641433610780096e-17
2.789641433610780096e-17
2.789641433610780096e-17
2.789641433610780096e-17
2.789641433610780096e-17
2.789641433610780096e-17
2.789641433610780096e-17
2.789641433610780096e-17
2.789641433610780096e-17
2.789641433610780096e-17
2.789641433610780096e-17
2.789641433610780096e-17
2.789641433610780096e-17
2.789641433610780096e-17
2.789641433610780096e-17
2.789641433610780096e-17
2.789641433610780096e-17
2.789641433610780096e-17
2.789641433610780096e-17
2.789641433610780096e-17
2.789641433610780096e-17
2.789641433610780096e-17
2.789641433610780096e-17
2.789641433610780096e-17
2.789641433610780096e-17
2.789641433610780096e-17
2.789641433610780096e-17
2.789641433610780096e-17
2.789641433610780096e-17
2.789641433610780096e-17
2.789641433610780096e-17
2.789641433610780096e-17
2.789641433610780096e-17
2.789641433610780096e-17
2.789641433610780096e-17
2.789641433610780096e-17
2.789641433610780096e-17
2.789641433610780096e-17
2.789641433610780096e-17
2.789641433610780096e-17
2.789641433610780096e-17
2.789641433610780096e-17
2.789641433610780096e-17
2.789641433610780096e-17
2.789641433610780096e-17
2.789641433610780096e-17
2.789641433610780096e-17
2.789641433610780096e-17
2.789641433610780096e-17
2.789641433610780096e-17
2.789641433610780096e-17
2.789641433610780096e-17
2.789641433610780096e-17
2.789641433610780096e-17
2.789641433610780096e-17
2.789641433610780096e-17
2.789641433610780096e-17
2.789641433610780096e-17
2.789641433610780096e-17
2.789641433610780096e-17
2.789641433610780096e-17
2.789641433610780096e-17
2.789641433610780096e-17
2.789641433610780096e-17
2.789641433610780096e-17
2.789641433610780096e-17
2.789641433610780096e-17
2.789641433610780096e-17
2.789641433610780096e-17
2.789641433610780096e-17
2.789641433610780096e-17
2.789641433610780096e-17
2.789641433610780096e-17
2.789641433610780096e-17
2.789641433610780096e-17
2.789641433610780096e-17
2.789641433610780096e-17
2.789641433610780096e-17
2.789641433610780096e-17
2.789641433610780096e-17
2.789641433610780096e-17
2.789641433610780096e-17
2.789641433610780096e-17
2.789641433610780096e-17
2.789641433610780096e-17
2.789641433610780096e-17
2.789641433610780096e-17
2.789641433610780096e-17
2.789641433610780096e-17
2.789641433610780096e-17
2.789641433610780096e-17
2.789641433610780096e-17
2.789641433610780096e-17
2.789641433610780096e-17
2.789641433610780096e-17
2.789641433610780096e-17
2.789641433610780096e-17
2.789641433610780096e-17
2.789641433610780096e-17
2.789641433610780096e-17
2.789641433610780096e-17
2.789641433610780096e-17
2.789641433610780096e-17
2.789641433610780096e-17
2.789641433610780096e-17
2.789641433610780096e-17
2.789641433610780096e-17
2.789641433610780096e-17
2.789641433610780096e-17
2.789641433610780096e-17
2.789641433610780096e-17
2.789641433610780096e-17
2.789641433610780096e-17
2.789641433610780096e-17
2.789641433610780096e-17
2.789641433610780096e-17
2.789641433610780096e-17
2.789641433610780096e-17
2.789641433610780096e-17
2.789641433610780096e-17
