1.620482903905363863e-12
1.620479520785629593e-12
1.620471357487816046e-12
1.620457814170505074e-12
1.620438864888033330e-12
1.620414505368702202e-12
1.620384734648024749e-12
1.620349552634066996e-12
1.620308959567702684e-12
1.620262955862626730e-12
1.620211542047928167e-12
1.620154718744446031e-12
1.620092486653964919e-12
1.620024846553854467e-12
1.619951799294225720e-12
1.619873345796331093e-12
1.619789487051619655e-12
1.619700224121150471e-12
1.619605558135215562e-12
1.619505490293081617e-12
1.619400021862808435e-12
1.619289154181113425e-12
1.619172888653266587e-12
1.619051226753002870e-12
1.618924170022449064e-12
1.618791720072056756e-12
1.618653878580543158e-12
1.618510647294829105e-12
1.618362028029988777e-12
1.618208022669188503e-12
1.618048633163635873e-12
1.617883861532521373e-12
1.617713709862964467e-12
1.617538180309955432e-12
1.617357275096296797e-12
1.617170996512543970e-12
1.616979346916945256e-12
1.616782328735379254e-12
1.616579944461291248e-12
1.616372196655627162e-12
1.616159087946766923e-12
1.615940621030457616e-12
1.615716798669741181e-12
1.615487623694883939e-12
1.615253099003303282e-12
1.615013227559492145e-12
1.614768012394942871e-12
1.614517456608068652e-12
1.614261563364123358e-12
1.614000335895120354e-12
1.613733777499748484e-12
1.613461891543286857e-12
1.613184681457520223e-12
1.612902150740647699e-12
1.612614302957194510e-12
1.612321141737920312e-12
1.612022670779724273e-12
1.611718893845552780e-12
1.611409814764299480e-12
1.611095437430710157e-12
1.610775765805279943e-12
1.610450803914153759e-12
1.610120555849021096e-12
1.609785025767013427e-12
1.609444217890595359e-12
1.609098136507458001e-12
1.608746785970408095e-12
1.608390170697257754e-12
1.608028295170709753e-12
1.607661163938243834e-12
1.607288781612000786e-12
1.606911152868664306e-12
1.606528282449340034e-12
1.606140175159436600e-12
1.605746835868541430e-12
1.605348269510297356e-12
1.604944481082276395e-12
1.604535475645851515e-12
1.604121258326069203e-12
1.603701834311517999e-12
1.603277208854196418e-12
1.602847387269378458e-12
1.602412374935480713e-12
1.601972177293922222e-12
1.601526799848989367e-12
1.601076248167694510e-12
1.600620527879634220e-12
1.600159644676847511e-12
1.599693604313669630e-12
1.599222412606588871e-12
1.598746075434096332e-12
1.598264598736539298e-12
1.597777988515968970e-12
1.597286250835990620e-12
1.596789391821607488e-12
1.596287417659069316e-12
1.595780334595712813e-12
1.595268148939805951e-12
1.594750867060388624e-12
1.594228495387110291e-12
1.593701040410070224e-12
1.593168508679652725e-12
1.592630906806362133e-12
1.592088241460656617e-12
1.591540519372781777e-12
1.590987747332598578e-12
1.590429932189415532e-12
1.589867080851815429e-12
1.589299200287482266e-12
1.588726297523025954e-12
1.588148379643808038e-12
1.587565453793761965e-12
1.586977527175215969e-12
1.586384607048712336e-12
1.585786700732826047e-12
1.585183815603981815e-12
1.584575959096269910e-12
1.583963138701260970e-12
1.583345361967819400e-12
1.582722636501914960e-12
1.582094969966433732e-12
1.581462370080987286e-12
1.580824844621720625e-12
1.580182401421120132e-12
1.579535048367817477e-12
1.578882793406394738e-12
1.578225644537187501e-12
1.577563609816087557e-12
1.576896697354341560e-12
1.576224915318352507e-12
1.575548271929476385e-12
1.574866775463819404e-12
1.574180434252034646e-12
1.573489256679116470e-12
1.572793251184192718e-12
1.572092426260317711e-12
1.571386790454264648e-12
1.570676352366312550e-12
1.569961120650038054e-12
1.569241104012101948e-12
1.568516311212035112e-12
1.567786751062024448e-12
1.567052432426696796e-12
1.566313364222902448e-12
1.565569555419497850e-12
1.564821015037124467e-12
1.564067752147991891e-12
1.563309775875653882e-12
1.562547095394788043e-12
1.561779719930971046e-12
1.561007658760455485e-12
1.560230921209944096e-12
1.559449516656363369e-12
1.558663454526636564e-12
1.557872744297454901e-12
1.557077395495047943e-12
1.556277417694954790e-12
1.555472820521790425e-12
1.554663613649015492e-12
1.553849806798702037e-12
1.553031409741298439e-12
1.552208432295396361e-12
1.551380884327493261e-12
1.550548775751756111e-12
1.549712116529781480e-12
1.548870916670360875e-12
1.548025186229235976e-12
1.547174935308861346e-12
1.546320174058162702e-12
1.545460912672293161e-12
1.544597161392391508e-12
1.543728930505336829e-12
1.542856230343503951e-12
1.541979071284519289e-12
1.541097463751012647e-12
1.540211418210369026e-12
1.539320945174483257e-12
1.538426055199508778e-12
1.537526758885609233e-12
1.536623066876706245e-12
1.535714989860230608e-12
1.534802538566867639e-12
1.533885723770306552e-12
1.532964556286986412e-12
1.532039046975841069e-12
1.531109206738045318e-12
1.530175046516758615e-12
1.529236577296868815e-12
1.528293810104734679e-12
1.527346756007930617e-12
1.526395426114984761e-12
1.525439831575122082e-12
1.524479983578005092e-12
1.523515893353472725e-12
1.522547572171278003e-12
1.521575031340829949e-12
1.520598282210929236e-12
1.519617336169504238e-12
1.518632204643350722e-12
1.517642899097865880e-12
1.516649431036784382e-12
1.515651812001913220e-12
1.514650053572867556e-12
1.513644167366801528e-12
1.512634165038144102e-12
1.511620058278332092e-12
1.510601858815540561e-12
1.509579578414416253e-12
1.508553228875807784e-12
1.507522822036498064e-12
1.506488369768933279e-12
1.505449883980952892e-12
1.504407376615520842e-12
1.503360859650451103e-12
1.502310345098141309e-12
1.501255845005295280e-12
1.500197371452655642e-12
1.499134936554728568e-12
1.498068552459511559e-12
1.496998231348219389e-12
1.495923985435010881e-12
1.494845826966716267e-12
1.493763768222558908e-12
1.492677821513884683e-12
1.491587999183883701e-12
1.490494313607316665e-12
1.489396777190238402e-12
1.488295402369721801e-12
1.487190201613581949e-12
1.486081187420098456e-12
1.484968372317739186e-12
1.483851768864883386e-12
1.482731389649543202e-12
1.481607247289087211e-12
1.480479354429961123e-12
1.479347723747410911e-12
1.478212367945203724e-12
1.477073299755349795e-12
1.475930531937822749e-12
1.474784077280281719e-12
1.473633948597791648e-12
1.472480158732543998e-12
1.471322720553576842e-12
1.470161646956496990e-12
1.468996950863197661e-12
1.467828645221581211e-12
1.466656743005276805e-12
1.465481257213361330e-12
1.464302200870080700e-12
1.463119587024567133e-12
1.461933428750558440e-12
1.460743739146121560e-12
1.459550531333367406e-12
1.458353818458172784e-12
1.457153613689899080e-12
1.455949930221111952e-12
1.454742781267299817e-12
1.453532180066595162e-12
1.452318139879491611e-12
1.451100673988563828e-12
1.449879795698187613e-12
1.448655518334258587e-12
1.447427855243911285e-12
1.446196819795239860e-12
1.444962425377016161e-12
1.443724685398409634e-12
1.442483613288707217e-12
1.441239222497032229e-12
1.439991526492065883e-12
1.438740538761764155e-12
1.437486272813081315e-12
1.436228742171686392e-12
1.434967960381686305e-12
1.433703941005344949e-12
1.432436697622802894e-12
1.431166243831798088e-12
1.429892593247388987e-12
1.428615759501672231e-12
1.427335756243505369e-12
1.426052597138228169e-12
1.424766295867383326e-12
1.423476866128439183e-12
1.422184321634510440e-12
1.420888676114080271e-12
1.419589943310724262e-12
1.418288136982830508e-12
1.416983270903324361e-12
1.415675358859390343e-12
1.414364414652196490e-12
1.413050452096616267e-12
1.411733485020953717e-12
1.410413527266666790e-12
1.409090592688093304e-12
1.407764695152172854e-12
1.406435848538174191e-12
1.405104066737420362e-12
1.403769363653012247e-12
1.402431753199557746e-12
1.401091249302895109e-12
1.399747865899821517e-12
1.398401616937819039e-12
1.397052516374783617e-12
1.395700578178750413e-12
1.394345816327623609e-12
1.392988244808904781e-12
1.391627877619422287e-12
1.390264728765058442e-12
1.388898812260482129e-12
1.387530142128876580e-12
1.386158732401671588e-12
1.384784597118274313e-12
1.383407750325799678e-12
1.382028206078803192e-12
1.380645978439013371e-12
1.379261081475064556e-12
1.377873529262229738e-12
1.376483335882154190e-12
1.375090515422590707e-12
1.373695081977134048e-12
1.372297049644956383e-12
1.370896432530541933e-12
1.369493244743424436e-12
1.368087500397924009e-12
1.366679213612883605e-12
1.365268398511408095e-12
1.363855069220601536e-12
1.362439239871306655e-12
1.361020924597844738e-12
1.359600137537754919e-12
1.358176892831536492e-12
1.356751204622387990e-12
1.355323087055950716e-12
1.353892554280050652e-12
1.352459620444440768e-12
1.351024299700545564e-12
1.349586606201205399e-12
1.348146554100421027e-12
1.346704157553098335e-12
1.345259430714796715e-12
1.343812387741473197e-12
1.342363042789230615e-12
1.340911410014067800e-12
1.339457503571624521e-12
1.338001337616934903e-12
1.336542926304173576e-12
1.335082283786409707e-12
1.333619424215355977e-12
1.332154361741122400e-12
1.330687110511967330e-12
1.329217684674053298e-12
1.327746098371198416e-12
1.326272365744634242e-12
1.324796500932758594e-12
1.323318518070893010e-12
1.321838431291040814e-12
1.320356254721643161e-12
1.318872002487338925e-12
1.317385688708722556e-12
1.315897327502105786e-12
1.314406932979277309e-12
1.312914519247264684e-12
1.311420100408094823e-12
1.309923690558561146e-12
1.308425303789983666e-12
1.306924954187974323e-12
1.305422655832203941e-12
1.303918422796166343e-12
1.302412269146947939e-12
1.300904208944992851e-12
1.299394256243872293e-12
1.297882425090055155e-12
1.296368729522676773e-12
1.294853183573310526e-12
1.293335801265740039e-12
1.291816596615730978e-12
1.290295583630806081e-12
1.288772776310016959e-12
1.287248188643721950e-12
1.285721834613361148e-12
1.284193728191232848e-12
1.282663883340272007e-12
1.281132314013827497e-12
1.279599034155444201e-12
1.278064057698640667e-12
1.276527398566691412e-12
1.274989070672409618e-12
1.273449087917928834e-12
1.271907464194488097e-12
1.270364213382215850e-12
1.268819349349916079e-12
1.267272885954854244e-12
1.265724837042544835e-12
1.264175216446540735e-12
1.262624037988221177e-12
1.261071315476582320e-12
1.259517062708028845e-12
1.257961293466165335e-12
1.256404021521588878e-12
1.254845260631683684e-12
1.253285024540416311e-12
1.251723326978130080e-12
1.250160181661341914e-12
1.248595602292540393e-12
1.247029602559985419e-12
1.245462196137504650e-12
1.243893396684296606e-12
1.242323217844730732e-12
1.240751673248150508e-12
1.239178776508675934e-12
1.237604541225008658e-12
1.236028980980236079e-12
1.234452109341639097e-12
1.232873939860496423e-12
1.231294486071896767e-12
1.229713761494543759e-12
1.228131779630569341e-12
1.226548553965342530e-12
1.224964097967282815e-12
1.223378425087671939e-12
1.221791548760469522e-12
1.220203482402126663e-12
1.218614239411402367e-12
1.217023833169180583e-12
1.215432277038287638e-12
1.213839584363312508e-12
1.212245768470425262e-12
1.210650842667199150e-12
1.209054820242431470e-12
1.207457714465967673e-12
1.205859538588525065e-12
1.204260305841517307e-12
1.202660029436880545e-12
1.201058722566900336e-12
1.199456398404040798e-12
1.197853070100772152e-12
1.196248750789401483e-12
1.194643453581904117e-12
1.193037191569754994e-12
1.191429977823762057e-12
1.189821825393901667e-12
1.188212747309151796e-12
1.186602756577328645e-12
1.184991866184925695e-12
1.183380089096950127e-12
1.181767438256762074e-12
1.180153926585916895e-12
1.178539566984003822e-12
1.176924372328490459e-12
1.175308355474566469e-12
1.173691529254985256e-12
1.172073906479912293e-12
1.170455499936771241e-12
1.168836322390090671e-12
1.167216386581353208e-12
1.165595705228845480e-12
1.163974291027507268e-12
1.162352156648786098e-12
1.160729314740487604e-12
1.159105777926630318e-12
1.157481558807300678e-12
1.155856669958509441e-12
1.154231123932046885e-12
1.152604933255343264e-12
1.150978110431325826e-12
1.149350667938280483e-12
1.147722618229711450e-12
1.146093973734205342e-12
1.144464746855292630e-12
1.142834949971313754e-12
1.141204595435283210e-12
1.139573695574756061e-12
1.137942262691696471e-12
1.136310309062344216e-12
1.134677846937086647e-12
1.133044888540328437e-12
1.131411446070361927e-12
1.129777531699241717e-12
1.128143157572657843e-12
1.126508335809809155e-12
1.124873078503282752e-12
1.123237397718926355e-12
1.121601305495729960e-12
1.119964813845703058e-12
1.118327934753754674e-12
1.116690680177575634e-12
1.115053062047519210e-12
1.113415092266485812e-12
1.111776782709805451e-12
1.110138145225125254e-12
1.108499191632293748e-12
1.106859933723249990e-12
1.105220383261909871e-12
1.103580551984057669e-12
1.101940451597235180e-12
1.100300093780633875e-12
1.098659490184987467e-12
1.097018652432465685e-12
1.095377592116568250e-12
1.093736320802020467e-12
1.092094850024671043e-12
1.090453191291389290e-12
1.088811356079963551e-12
1.087169355839001836e-12
1.085527201987831253e-12
1.083884905916401277e-12
1.082242478985186409e-12
1.080599932525089847e-12
1.078957277837347965e-12
1.077314526193437011e-12
1.075671688834980616e-12
1.074028776973655888e-12
1.072385801791104961e-12
1.070742774438843304e-12
1.069099706038171072e-12
1.067456607680085457e-12
1.065813490425194457e-12
1.064170365303629636e-12
1.062527243314962513e-12
1.060884135428120355e-12
1.059241052581302160e-12
1.057598005681899098e-12
1.055955005606411499e-12
1.054312063200370712e-12
1.052669189278259120e-12
1.051026394623432402e-12
1.049383689988044198e-12
1.047741086092967957e-12
1.046098593627723431e-12
1.044456223250404171e-12
1.042813985587600991e-12
1.041171891234333507e-12
1.039529950753977638e-12
1.037888174678196742e-12
1.036246573506871134e-12
1.034605157708031847e-12
1.032963937717792580e-12
1.031322923940284260e-12
1.029682126747589010e-12
1.028041556479678147e-12
1.026401223444346957e-12
1.024761137917154108e-12
1.023121310141360053e-12
1.021481750327865441e-12
1.019842468655154772e-12
1.018203475269235607e-12
1.016564780283582833e-12
1.014926393779081110e-12
1.013288325803970340e-12
1.011650586373790942e-12
1.010013185471330134e-12
1.008376133046569424e-12
1.006739439016634126e-12
1.005103113265740044e-12
1.003467165645146618e-12
1.001831605973106643e-12
1.000196444034818001e-12
9.985616895823772128e-13
9.969273523347342012e-13
9.952934419776460465e-13
9.936599681636327582e-13
9.920269405119348668e-13
9.903943686084704082e-13
9.887622620057939283e-13
9.871306302230548821e-13
9.854994827459598685e-13
9.838688290267314337e-13
9.822386784840727297e-13
9.806090405031291442e-13
9.789799244354515462e-13
9.773513395989629640e-13
9.757232952779238509e-13
9.740958007228971472e-13
9.724688651507175849e-13
9.708424977444597792e-13
9.692167076534063210e-13
9.675915039930191002e-13
9.659668958449096190e-13
9.643428922568113255e-13
9.627195022425521482e-13
9.610967347820276371e-13
9.594745988211765281e-13
9.578531032719548932e-13
9.562322570123127148e-13
9.546120688861712674e-13
9.529925477033998936e-13
9.513737022397966169e-13
9.497555412370655236e-13
9.481380734027979815e-13
9.465213074104546667e-13
9.449052518993455704e-13
9.432899154746160647e-13
9.416753067072271116e-13
9.400614341339417325e-13
9.384483062573098618e-13
9.368359315456546150e-13
9.352243184330581515e-13
9.336134753193521837e-13
9.320034105701032346e-13
9.303941325166041557e-13
9.287856494558628183e-13
9.271779696505942370e-13
9.255711013292120885e-13
9.239650526858204311e-13
9.223598318802074449e-13
9.207554470378399785e-13
9.191519062498582989e-13
9.175492175730708408e-13
9.159473890299505712e-13
9.143464286086343838e-13
9.127463442629176463e-13
9.111471439122562200e-13
9.095488354417628246e-13
9.079514267022091587e-13
9.063549255100266065e-13
9.047593396473071471e-13
9.031646768618071907e-13
9.015709448669482859e-13
8.999781513418238852e-13
8.983863039312018687e-13
8.967954102455308050e-13
8.952054778609457066e-13
8.936165143192749972e-13
8.920285271280479835e-13
8.904415237605029335e-13
8.888555116555966688e-13
8.872704982180126426e-13
8.856864908181725519e-13
8.841034967922478482e-13
8.825215234421697342e-13
8.809405780356429975e-13
8.793606678061587326e-13
8.777817999530073674e-13
8.762039816412951216e-13
8.746272200019568303e-13
8.730515221317721000e-13
8.714768950933841910e-13
8.699033459153140526e-13
8.683308815919806188e-13
8.667595090837171662e-13
8.651892353167917111e-13
8.636200671834269009e-13
8.620520115418200073e-13
8.604850752161634241e-13
8.589192649966674873e-13
8.573545876395822852e-13
8.557910498672206812e-13
8.542286583679819412e-13
8.526674197963755637e-13
8.511073407730471291e-13
8.495484278848021298e-13
8.479906876846340410e-13
8.464341266917490591e-13
8.448787513915951826e-13
8.433245682358889701e-13
8.417715836426443180e-13
8.402198039962013389e-13
8.386692356472564524e-13
8.371198849128926770e-13
8.355717580766097202e-13
8.340248613883564928e-13
8.324792010645625113e-13
8.309347832881706140e-13
8.293916142086697772e-13
8.278496999421290429e-13
8.263090465712324554e-13
8.247696601453125854e-13
8.232315466803878899e-13
8.216947121591962356e-13
8.201591625312327649e-13
8.186249037127871546e-13
8.170919415869806737e-13
8.155602820038039480e-13
8.140299307801566426e-13
8.125008936998856304e-13
8.109731765138256845e-13
8.094467849398381516e-13
8.079217246628533606e-13
8.063980013349109122e-13
8.048756205752017842e-13
8.033545879701100344e-13
8.018349090732565224e-13
8.003165894055412176e-13
7.987996344551875268e-13
7.972840496777867233e-13
7.957698404963419712e-13
7.942570123013135618e-13
7.927455704506654633e-13
7.912355202699112632e-13
7.897268670521601124e-13
7.882196160581641824e-13
7.867137725163667296e-13
7.852093416229492495e-13
7.837063285418809550e-13
7.822047384049673441e-13
7.807045763118989711e-13
7.792058473303022361e-13
7.777085564957893678e-13
7.762127088120093139e-13
7.747183092506978247e-13
7.732253627517305654e-13
7.717338742231751176e-13
7.702438485413416689e-13
7.687552905508378414e-13
7.672682050646208954e-13
7.657825968640525585e-13
7.642984706989511285e-13
7.628158312876485235e-13
7.613346833170428893e-13
7.598550314426557515e-13
7.583768802886872475e-13
7.569002344480712591e-13
7.554250984825333715e-13
7.539514769226465097e-13
7.524793742678896052e-13
7.510087949867042418e-13
7.495397435165529184e-13
7.480722242639777143e-13
7.466062416046582491e-13
7.451417998834723677e-13
7.436789034145546044e-13
7.422175564813555559e-13
7.407577633367038796e-13
7.392995282028648581e-13
7.378428552716023980e-13
7.363877487042406234e-13
7.349342126317249663e-13
7.334822511546838607e-13
7.320318683434911456e-13
7.305830682383296782e-13
7.291358548492530294e-13
7.276902321562491982e-13
7.262462041093042259e-13
7.248037746284661123e-13
7.233629476039091366e-13
7.219237268959983799e-13
7.204861163353537425e-13
7.190501197229168901e-13
7.176157408300148676e-13
7.161829833984269438e-13
7.147518511404500426e-13
7.133223477389655884e-13
7.118944768475053407e-13
7.104682420903194511e-13
7.090436470624426011e-13
7.076206953297619582e-13
7.061993904290845252e-13
7.047797358682059037e-13
7.033617351259775431e-13
7.019453916523764130e-13
7.005307088685725543e-13
6.991176901669988528e-13
6.977063389114209135e-13
6.962966584370051167e-13
6.948886520503893004e-13
6.934823230297536438e-13
6.920776746248893303e-13
6.906747100572697337e-13
6.892734325201217063e-13
6.878738451784962607e-13
6.864759511693395550e-13
6.850797536015638772e-13
6.836852555561210536e-13
6.822924600860730301e-13
6.809013702166630583e-13
6.795119889453907200e-13
6.781243192420822050e-13
6.767383640489637193e-13
6.753541262807346914e-13
6.739716088246408775e-13
6.725908145405474671e-13
6.712117462610126930e-13
6.698344067913616435e-13
6.684587989097605795e-13
6.670849253672906452e-13
6.657127888880218829e-13
6.643423921690882562e-13
6.629737378807621695e-13
6.616068286665296932e-13
6.602416671431643763e-13
6.588782559008037846e-13
6.575165975030241207e-13
6.561566944869160558e-13
6.547985493631602580e-13
6.534421646161032242e-13
6.520875427038333137e-13
6.507346860582569835e-13
6.493835970851748221e-13
6.480342781643582897e-13
6.466867316496262569e-13
6.453409598689212398e-13
6.439969651243873525e-13
6.426547496924461386e-13
6.413143158238743211e-13
6.399756657438810480e-13
6.386388016521851372e-13
6.373037257230927261e-13
6.359704401055749203e-13
6.346389469233454431e-13
6.333092482749382845e-13
6.319813462337862591e-13
6.306552428482987563e-13
6.293309401419401972e-13
6.280084401133078859e-13
6.266877447362105671e-13
6.253688559597479939e-13
6.240517757083875673e-13
6.227365058820450146e-13
6.214230483561621393e-13
6.201114049817854803e-13
6.188015775856467881e-13
6.174935679702399672e-13
6.161873779139019565e-13
6.148830091708916912e-13
6.135804634714682564e-13
6.122797425219719699e-13
6.109808480049027380e-13
6.096837815789997239e-13
6.083885448793215217e-13
6.070951395173253195e-13
6.058035670809469727e-13
6.045138291346798641e-13
6.032259272196566938e-13
6.019398628537277333e-13
6.006556375315407979e-13
5.993732527246226312e-13
5.980927098814579686e-13
5.968140104275695082e-13
5.955371557655987915e-13
5.942621472753860739e-13
5.929889863140500944e-13
5.917176742160697635e-13
5.904482122933624186e-13
5.891806018353663193e-13
5.879148441091197109e-13
5.866509403593416033e-13
5.853888918085127523e-13
5.841286996569548237e-13
5.828703650829123841e-13
5.816138892426322665e-13
5.803592732704450567e-13
5.791065182788448630e-13
5.778556253585708021e-13
5.766065955786862640e-13
5.753594299866608020e-13
5.741141296084502053e-13
5.728706954485769754e-13
5.716291284902109036e-13
5.703894296952501532e-13
5.691516000044018367e-13
5.679156403372616850e-13
5.666815515923963406e-13
5.654493346474222193e-13
5.642189903590870966e-13
5.629905195633506856e-13
5.617639230754649113e-13
5.605392016900546897e-13
5.593163561811983040e-13
5.580953873025079811e-13
5.568762957872107727e-13
5.556590823482281223e-13
5.544437476782574530e-13
5.532302924498516338e-13
5.520187173155006676e-13
5.508090229077103504e-13
5.496012098390839596e-13
5.483952787024022248e-13
5.471912300707030984e-13
5.459890644973633417e-13
5.447887825161770840e-13
5.435903846414372066e-13
5.423938713680148105e-13
5.411992431714396922e-13
5.400065005079802144e-13
5.388156438147233789e-13
5.376266735096547977e-13
5.364395899917385638e-13
5.352543936409968189e-13
5.340710848185901288e-13
5.328896638668966472e-13
5.317101311095928949e-13
5.305324868517312074e-13
5.293567313798218263e-13
5.281828649619106502e-13
5.270108878476598114e-13
5.258408002684261333e-13
5.246726024373406978e-13
5.235062945493888172e-13
5.223418767814879858e-13
5.211793492925680539e-13
5.200187122236498863e-13
5.188599656979241224e-13
5.177031098208301381e-13
5.165481446801353102e-13
5.153950703460128679e-13
5.142438868711214600e-13
5.130945942906834106e-13
5.119471926225625694e-13
5.108016818673439810e-13
5.096580620084110287e-13
5.085163330120241947e-13
5.073764948273995171e-13
5.062385473867855317e-13
5.051024906055428403e-13
5.039683243822202450e-13
5.028360485986340129e-13
5.017056631199449192e-13
5.005771677947356950e-13
4.994505624550886759e-13
4.983258469166633505e-13
4.972030209787732015e-13
4.960820844244635571e-13
4.949630370205882301e-13
4.938458785178863598e-13
4.927306086510598584e-13
4.916172271388491423e-13
4.905057336841114878e-13
4.893961279738962571e-13
4.882884096795211334e-13
4.871825784566494677e-13
4.860786339453661098e-13
4.849765757702531394e-13
4.838764035404662026e-13
4.827781168498105451e-13
4.816817152768165411e-13
4.805871983848151213e-13
4.794945657220137049e-13
4.784038168215714261e-13
4.773149512016745611e-13
4.762279683656112495e-13
4.751428678018469219e-13
4.740596489840995256e-13
4.729783113714130337e-13
4.718988544082337822e-13
4.708212775244838772e-13
4.697455801356356139e-13
4.686717616427871058e-13
4.675998214327337743e-13
4.665297588780451903e-13
4.654615733371370689e-13
4.643952641543459900e-13
4.633308306600027057e-13
4.622682721705049427e-13
4.612075879883922243e-13
4.601487774024178649e-13
4.590918396876221762e-13
4.580367741054058754e-13
4.569835799036024840e-13
4.559322563165511301e-13
4.548828025651688456e-13
4.538352178570233185e-13
4.527895013864047357e-13
4.517456523343976772e-13
4.507036698689538167e-13
4.496635531449631092e-13
4.486253013043253811e-13
4.475889134760219213e-13
4.465543887761868697e-13
4.455217263081788586e-13
4.444909251626509877e-13
4.434619844176224653e-13
4.424349031385495426e-13
4.414096803783950852e-13
4.403863151777004664e-13
4.393648065646543307e-13
4.383451535551636294e-13
4.373273551529234439e-13
4.363114103494866582e-13
4.352973181243336307e-13
4.342850774449418670e-13
4.332746872668552371e-13
4.322661465337530926e-13
4.312594541775192824e-13
4.302546091183111688e-13
4.292516102646279865e-13
4.282504565133798088e-13
4.272511467499559062e-13
4.262536798482924504e-13
4.252580546709413278e-13
4.242642700691371357e-13
4.232723248828656939e-13
4.222822179409313940e-13
4.212939480610242463e-13
4.203075140497874822e-13
4.193229147028844495e-13
4.183401488050656089e-13
4.173592151302352274e-13
4.163801124415179704e-13
4.154028394913250911e-13
4.144273950214209212e-13
4.134537777629888076e-13
4.124819864366969472e-13
4.115120197527642728e-13
4.105438764110256318e-13
4.095775551009978236e-13
4.086130545019441723e-13
4.076503732829398568e-13
4.066895101029365351e-13
4.057304636108274213e-13
4.047732324455112027e-13
4.038178152359570166e-13
4.028642106012682661e-13
4.019124171507464356e-13
4.009624334839554115e-13
4.000142581907846920e-13
3.990678898515131522e-13
3.981233270368720524e-13
3.971805683081081969e-13
3.962396122170469422e-13
3.953004573061550535e-13
3.943631021086030561e-13
3.934275451483276881e-13
3.924937849400944538e-13
3.915618199895590663e-13
3.906316487933297492e-13
3.897032698390287797e-13
3.887766816053540831e-13
3.878518825621402719e-13
3.869288711704204418e-13
3.860076458824861504e-13
3.850882051419490618e-13
3.841705473838008753e-13
3.832546710344748686e-13
3.823405745119043619e-13
3.814282562255846156e-13
3.805177145766312939e-13
3.796089479578411504e-13
3.787019547537507950e-13
3.777967333406965718e-13
3.768932820868733260e-13
3.759915993523935241e-13
3.750916834893459709e-13
3.741935328418547271e-13
3.732971457461371200e-13
3.724025205305621057e-13
3.715096555157082288e-13
3.706185490144214805e-13
3.697291993318734595e-13
3.688416047656181706e-13
3.679557636056496800e-13
3.670716741344591163e-13
3.661893346270917202e-13
3.653087433512037940e-13
3.644298985671188436e-13
3.635527985278840734e-13
3.626774414793266793e-13
3.618038256601101924e-13
3.609319493017893584e-13
3.600618106288669863e-13
3.591934078588483731e-13
3.583267392022971935e-13
3.574618028628902780e-13
3.565985970374728459e-13
3.557371199161127791e-13
3.548773696821554002e-13
3.540193445122778981e-13
3.531630425765433489e-13
3.523084620384544847e-13
3.514556010550079671e-13
3.506044577767475505e-13
3.497550303478179009e-13
3.489073169060172542e-13
3.480613155828507305e-13
3.472170245035835981e-13
3.463744417872934265e-13
3.455335655469225425e-13
3.446943938893305875e-13
3.438569249153465693e-13
3.430211567198205110e-13
3.421870873916758560e-13
3.413547150139603087e-13
3.405240376638973316e-13
3.396950534129376417e-13
3.388677603268100515e-13
3.380421564655723091e-13
3.372182398836612320e-13
3.363960086299439517e-13
3.355754607477674916e-13
3.347565942750093053e-13
3.339394072441269045e-13
3.331238976822075391e-13
3.323100636110175730e-13
3.314979030470522145e-13
3.306874140015844377e-13
3.298785944807138038e-13
3.290714424854151811e-13
3.282659560115879702e-13
3.274621330501033087e-13
3.266599715868534486e-13
3.258594696027991122e-13
3.250606250740176576e-13
3.242634359717505865e-13
3.234679002624506995e-13
3.226740159078300081e-13
3.218817808649064859e-13
3.210911930860511226e-13
3.203022505190342205e-13
3.195149511070727012e-13
3.187292927888757961e-13
3.179452734986916462e-13
3.171628911663528919e-13
3.163821437173232724e-13
3.156030290727420044e-13
3.148255451494705830e-13
3.140496898601372107e-13
3.132754611131820842e-13
3.125028568129023282e-13
3.117318748594967768e-13
3.109625131491103020e-13
3.101947695738785446e-13
3.094286420219716365e-13
3.086641283776387805e-13
3.079012265212511644e-13
3.071399343293466927e-13
3.063802496746725975e-13
3.056221704262290595e-13
3.048656944493119705e-13
3.041108196055568069e-13
3.033575437529800793e-13
3.026058647460228525e-13
3.018557804355923469e-13
3.011072886691051049e-13
3.003603872905279361e-13
2.996150741404204778e-13
2.988713470559767458e-13
2.981292038710663319e-13
2.973886424162761065e-13
2.966496605189509109e-13
2.959122560032348558e-13
2.951764266901120141e-13
2.944421703974466589e-13
2.937094849400243601e-13
2.929783681295917679e-13
2.922488177748965490e-13
2.915208316817277750e-13
2.907944076529554046e-13
2.900695434885694100e-13
2.893462369857200158e-13
2.886244859387557662e-13
2.879042881392638134e-13
2.871856413761076317e-13
2.864685434354664478e-13
2.857529921008731062e-13
2.850389851532531969e-13
2.843265203709624154e-13
2.836155955298248826e-13
2.829062084031711620e-13
2.821983567618755183e-13
2.814920383743934303e-13
2.807872510067991020e-13
2.800839924228223187e-13
2.793822603838857063e-13
2.786820526491410314e-13
2.779833669755064105e-13
2.772862011177024586e-13
2.765905528282882363e-13
2.758964198576977514e-13
2.752037999542758560e-13
2.745126908643140916e-13
2.738230903320857782e-13
2.731349960998818092e-13
2.724484059080461441e-13
2.717633174950105437e-13
2.710797285973295069e-13
2.703976369497152079e-13
2.697170402850718276e-13
2.690379363345303389e-13
2.683603228274824341e-13
2.676841974916146546e-13
2.670095580529425193e-13
2.663364022358440996e-13
2.656647277630939457e-13
2.649945323558959042e-13
2.643258137339171454e-13
2.636585696153206274e-13
2.629927977167983159e-13
2.623284957536041023e-13
2.616656614395860647e-13
2.610042924872195371e-13
2.603443866076386131e-13
2.596859415106690637e-13
2.590289549048594373e-13
2.583734244975140279e-13
2.577193479947231670e-13
2.570667231013960910e-13
2.564155475212914356e-13
2.557658189570484361e-13
2.551175351102184826e-13
2.544706936812953111e-13
2.538252923697462546e-13
2.531813288740425357e-13
2.525388008916897611e-13
2.518977061192580616e-13
2.512580422524120317e-13
2.506198069859412739e-13
2.499829980137894290e-13
2.493476130290841148e-13
2.487136497241666123e-13
2.480811057906205935e-13
2.474499789193020091e-13
2.468202668003675636e-13
2.461919671233035433e-13
2.455650775769550484e-13
2.449395958495537608e-13
2.443155196287470752e-13
2.436928466016258672e-13
2.430715744547525636e-13
2.424517008741896682e-13
2.418332235455268227e-13
2.412161401539089278e-13
2.406004483840634065e-13
2.399861459203275678e-13
2.393732304466757188e-13
2.387616996467466289e-13
2.381515512038699859e-13
2.375427828010934565e-13
2.369353921212086874e-13
2.363293768467787194e-13
2.357247346601635347e-13
2.351214632435467132e-13
2.345195602789607271e-13
2.339190234483136988e-13
2.333198504334147960e-13
2.327220389159996267e-13
2.321255865777557351e-13
2.315304911003484009e-13
2.309367501654447714e-13
2.303443614547401155e-13
2.297533226499818047e-13
2.291636314329942537e-13
2.285752854857038615e-13
2.279882824901629414e-13
2.274026201285743596e-13
2.268182960833156676e-13
2.262353080369630836e-13
2.256536536723155495e-13
2.250733306724182329e-13
2.244943367205861804e-13
2.239166695004281215e-13
2.233403266958692142e-13
2.227653059911750001e-13
2.221916050709736444e-13
2.216192216202797661e-13
2.210481533245164750e-13
2.204783978695383185e-13
2.199099529416541522e-13
2.193428162276488492e-13
2.187769854148061205e-13
2.182124581909305019e-13
2.176492322443691897e-13
2.170873052640339525e-13
2.165266749394228903e-13
2.159673389606422965e-13
2.154092950184276342e-13
2.148525408041653727e-13
2.142970740099137121e-13
2.137428923284239392e-13
2.131899934531614811e-13
2.126383750783264023e-13
2.120880348988745091e-13
2.115389706105372153e-13
2.109911799098427227e-13
2.104446604941361390e-13
2.098994100615991940e-13
2.093554263112708631e-13
2.088127069430670067e-13
2.082712496578004139e-13
2.077310521571999116e-13
2.071921121439305596e-13
2.066544273216128354e-13
2.061179953948416932e-13
2.055828140692060773e-13
2.050488810513077788e-13
2.045161940487806967e-13
2.039847507703090887e-13
2.034545489256467816e-13
2.029255862256353469e-13
2.023978603822226294e-13
2.018713691084814019e-13
2.013461101186272383e-13
2.008220811280365872e-13
2.002992798532649480e-13
1.997777040120645406e-13
1.992573513234020021e-13
1.987382195074762581e-13
1.982203062857357651e-13
1.977036093808958774e-13
1.971881265169562401e-13
1.966738554192179041e-13
1.961607938143002649e-13
1.956489394301579754e-13
1.951382899960980107e-13
1.946288432427959499e-13
1.941205969023126880e-13
1.936135487081110455e-13
1.931076963950718487e-13
1.926030376995104140e-13
1.920995703591924258e-13
1.915972921133501177e-13
1.910962007026980751e-13
1.905962938694489869e-13
1.900975693573292463e-13
1.896000249115948794e-13
1.891036582790464890e-13
1.886084672080448811e-13
1.881144494485263619e-13
1.876216027520174549e-13
1.871299248716504510e-13
1.866394135621778228e-13
1.861500665799874206e-13
1.856618816831168619e-13
1.851748566312682732e-13
1.846889891858227042e-13
1.842042771098544410e-13
1.837207181681454452e-13
1.832383101271992378e-13
1.827570507552554148e-13
1.822769378223029749e-13
1.817979691000946588e-13
1.813201423621604789e-13
1.808434553838213262e-13
1.803679059422028032e-13
1.798934918162481744e-13
1.794202107867320480e-13
1.789480606362735025e-13
1.784770391493492893e-13
1.780071441123067571e-13
1.775383733133767012e-13
1.770707245426865404e-13
1.766041955922726863e-13
1.761387842560932915e-13
1.756744883300408462e-13
1.752113056119545217e-13
1.747492339016326920e-13
1.742882710008447471e-13
1.738284147133437912e-13
1.733696628448783045e-13
1.729120132032041847e-13
1.724554635980966622e-13
1.720000118413620127e-13
1.715456557468491694e-13
1.710923931304613602e-13
1.706402218101676947e-13
1.701891396060142460e-13
1.697391443401355615e-13
1.692902338367658969e-13
1.688424059222501459e-13
1.683956584250549983e-13
1.679499891757796435e-13
1.675053960071669526e-13
1.670618767541139048e-13
1.666194292536823407e-13
1.661780513451096152e-13
1.657377408698187455e-13
1.652984956714292655e-13
1.648603135957670460e-13
1.644231924908748966e-13
1.639871302070222595e-13
1.635521245967156600e-13
1.631181735147083249e-13
1.626852748180101529e-13
1.622534263658974339e-13
1.618226260199226687e-13
1.613928716439239342e-13
1.609641611040345769e-13
1.605364922686924524e-13
1.601098630086494416e-13
1.596842711969806147e-13
1.592597147090933437e-13
1.588361914227364663e-13
1.584136992180092466e-13
1.579922359773703878e-13
1.575717995856465642e-13
1.571523879300415592e-13
1.567339989001447727e-13
1.563166303879396523e-13
1.559002802878124779e-13
1.554849464965605662e-13
1.550706269134007775e-13
1.546573194399775684e-13
1.542450219803714738e-13
1.538337324411069070e-13
1.534234487311604650e-13
1.530141687619686528e-13
1.526058904474359362e-13
1.521986117039422897e-13
1.517923304503512492e-13
1.513870446080172071e-13
1.509827521007932382e-13
1.505794508550385462e-13
1.501771387996256078e-13
1.497758138659479226e-13
1.493754739879269548e-13
1.489761171020194539e-13
1.485777411472244979e-13
1.481803440650906115e-13
1.477839237997225572e-13
1.473884782977886303e-13
1.469940055085269696e-13
1.466005033837525000e-13
1.462079698778637730e-13
1.458164029478493030e-13
1.454258005532942568e-13
1.450361606563868655e-13
1.446474812219248111e-13
1.442597602173214364e-13
1.438729956126122832e-13
1.434871853804608475e-13
1.431023274961650170e-13
1.427184199376629778e-13
1.423354606855391722e-13
1.419534477230302053e-13
1.415723790360307522e-13
1.411922526130992126e-13
1.408130664454633904e-13
1.404348185270261990e-13
1.400575068543711895e-13
1.396811294267681043e-13
1.393056842461781275e-13
1.389311693172594896e-13
1.385575826473724904e-13
1.381849222465849769e-13
1.378131861276773419e-13
1.374423723061477237e-13
1.370724788002169290e-13
1.367035036308335319e-13
1.363354448216787962e-13
1.359683003991712702e-13
1.356020683924718350e-13
1.352367468334883746e-13
1.348723337568803202e-13
1.345088272000633951e-13
1.341462252032139324e-13
1.337845258092735693e-13
1.334237270639536656e-13
1.330638270157393673e-13
1.327048237158942011e-13
1.323467152184641386e-13
1.319894995802818628e-13
1.316331748609707811e-13
1.312777391229491661e-13
1.309231904314340423e-13
1.305695268544452257e-13
1.302167464628092614e-13
1.298648473301628569e-13
1.295138275329572239e-13
1.291636851504612844e-13
1.288144182647655580e-13
1.284660249607857717e-13
1.281185033262661925e-13
1.277718514517833375e-13
1.274260674307491803e-13
1.270811493594147609e-13
1.267370953368732398e-13
1.263939034650633061e-13
1.260515718487724592e-13
1.257100985956397855e-13
1.253694818161595176e-13
1.250297196236837106e-13
1.246908101344255484e-13
1.243527514674619189e-13
1.240155417447365442e-13
1.236791790910628078e-13
1.233436616341263041e-13
1.230089875044878679e-13
1.226751548355859721e-13
1.223421617637395049e-13
1.220100064281503194e-13
1.216786869709057071e-13
1.213482015369808215e-13
1.210185482742413542e-13
1.206897253334454527e-13
1.203617308682463971e-13
1.200345630351948711e-13
1.197082199937408814e-13
1.193826999062362057e-13
1.190580009379364627e-13
1.187341212570031068e-13
1.184110590345053462e-13
1.180888124444224655e-13
1.177673796636455419e-13
1.174467588719791625e-13
1.171269482521436196e-13
1.168079459897764008e-13
1.164897502734340314e-13
1.161723592945938920e-13
1.158557712476556321e-13
1.155399843299430131e-13
1.152249967417052964e-13
1.149108066861188086e-13
1.145974123692884563e-13
1.142848120002490890e-13
1.139730037909668623e-13
1.136619859563406391e-13
1.133517567142033904e-13
1.130423142853231042e-13
1.127336568934043379e-13
1.124257827650892027e-13
1.121186901299585631e-13
1.118123772205329703e-13
1.115068422722739500e-13
1.112020835235847978e-13
1.108980992158115124e-13
1.105948875932438820e-13
1.102924469031161653e-13
1.099907753956081014e-13
1.096898713238455410e-13
1.093897329439012538e-13
1.090903585147956738e-13
1.087917462984975046e-13
1.084938945599243761e-13
1.081968015669434249e-13
1.079004655903718622e-13
1.076048849039775041e-13
1.073100577844791504e-13
1.070159825115470764e-13
1.067226573678034750e-13
1.064300806388227343e-13
1.061382506131317656e-13
1.058471655822104078e-13
1.055568238404914519e-13
1.052672236853609824e-13
1.049783634171586169e-13
1.046902413391774302e-13
1.044028557576643333e-13
1.041162049818198460e-13
1.038302873237982987e-13
1.035451010987077698e-13
1.032606446246100092e-13
1.029769162225204643e-13
1.026939142164080650e-13
1.024116369331950724e-13
1.021300827027569524e-13
1.018492498579221235e-13
1.015691367344716539e-13
1.012897416711390843e-13
1.010110630096100625e-13
1.007330990945218636e-13
1.004558482734632381e-13
1.001793088969737562e-13
9.990347931854349196e-14
9.962835789461254348e-14
9.935394298457044004e-14
9.908023295075562441e-14
9.880722615845488490e-14
9.853492097590273689e-14
9.826331577428067817e-14
9.799240892771674715e-14
9.772219881328453838e-14
9.745268381100268505e-14
9.718386230383384923e-14
9.691573267768430539e-14
9.664829332140262771e-14
9.638154262677926095e-14
9.611547898854528350e-14
9.585010080437175106e-14
9.558540647486864905e-14
9.532139440358381971e-14
9.505806299700209125e-14
9.479541066454420497e-14
9.453343581856572980e-14
9.427213687435591371e-14
9.401151225013668658e-14
9.375156036706146117e-14
9.349227964921388352e-14
9.323366852360667177e-14
9.297572542018045496e-14
9.271844877180242247e-14
9.246183701426507452e-14
9.220588858628485896e-14
9.195060192950090913e-14
9.169597548847365543e-14
9.144200771068341174e-14
9.118869704652888600e-14
9.093604194932588015e-14
9.068404087530572512e-14
9.043269228361384183e-14
9.018199463630808784e-14
8.993194639835741939e-14
8.968254603764013695e-14
8.943379202494234545e-14
8.918568283395636383e-14
8.893821694127908430e-14
8.869139282641025571e-14
8.844520897175076704e-14
8.819966386260099392e-14
8.795475598715904421e-14
8.771048383651901618e-14
8.746684590466909266e-14
8.722384068848988755e-14
8.698146668775247684e-14
8.673972240511663156e-14
8.649860634612887403e-14
8.625811701922063507e-14
8.601825293570624714e-14
8.577901260978111421e-14
8.554039455851959124e-14
8.530239730187315410e-14
8.506501936266827905e-14
8.482825926660439806e-14
8.459211554225195499e-14
8.435658672105015901e-14
8.412167133730507862e-14
8.388736792818733192e-14
8.365367503373014284e-14
8.342059119682699349e-14
8.318811496322956681e-14
8.295624488154551253e-14
8.272497950323623831e-14
8.249431738261462529e-14
8.226425707684276870e-14
8.203479714592979433e-14
8.180593615272942257e-14
8.157767266293778474e-14
8.135000524509103770e-14
8.112293247056285200e-14
8.089645291356235462e-14
8.067056515113142785e-14
8.044526776314251315e-14
8.022055933229601103e-14
7.999643844411799650e-14
7.977290368695764427e-14
7.954995365198474224e-14
7.932758693318725547e-14
7.910580212736876402e-14
7.888459783414590065e-14
7.866397265594590229e-14
7.844392519800394675e-14
7.822445406836056534e-14
7.800555787785903009e-14
7.778723524014281684e-14
7.756948477165292938e-14
7.735230509162516052e-14
7.713569482208751728e-14
7.691965258785754507e-14
7.670417701653948776e-14
7.648926673852181384e-14
7.627492038697425029e-14
7.606113659784513202e-14
7.584791400985862507e-14
7.563525126451191194e-14
7.542314700607251580e-14
7.521159988157534700e-14
7.500060854081998936e-14
7.479017163636773405e-14
7.458028782353887857e-14
7.437095576040976061e-14
7.416217410780986763e-14
7.395394152931898442e-14
7.374625669126429000e-14
7.353911826271736632e-14
7.333252491549132050e-14
7.312647532413783128e-14
7.292096816594417032e-14
7.271600212093018562e-14
7.251157587184538582e-14
7.230768810416587317e-14
7.210433750609131428e-14
7.190152276854199926e-14
7.169924258515571150e-14
7.149749565228467320e-14
7.129628066899252880e-14
7.109559633705122736e-14
7.089544136093791763e-14
7.069581444783190619e-14
7.049671430761142628e-14
7.029813965285067168e-14
7.010008919881646457e-14
6.990256166346522629e-14
6.970555576743982192e-14
6.950907023406630384e-14
6.931310378935080677e-14
6.911765516197619039e-14
6.892272308329912372e-14
6.872830628734660149e-14
6.853440351081276347e-14
6.834101349305575163e-14
6.814813497609434014e-14
6.795576670460475468e-14
6.776390742591737815e-14
6.757255589001346902e-14
6.738171084952180393e-14
6.719137105971550962e-14
6.700153527850856672e-14
6.681220226645265428e-14
6.662337078673372928e-14
6.643503960516870711e-14
6.624720749020205369e-14
6.605987321290259214e-14
6.587303554695984250e-14
6.568669326868100509e-14
6.550084515698717400e-14
6.531548999341030786e-14
6.513062656208956954e-14
6.494625364976796871e-14
6.476237004578906762e-14
6.457897454209339647e-14
6.439606593321499506e-14
6.421364301627813112e-14
6.403170459099369052e-14
6.385024945965571884e-14
6.366927642713803878e-14
6.348878430089069082e-14
6.330877189093647483e-14
6.312923800986742861e-14
6.295018147284138213e-14
6.277160109757837298e-14
6.259349570435707437e-14
6.241586411601150087e-14
6.223870515792719664e-14
6.206201765803784012e-14
6.188580044682165954e-14
6.171005235729792396e-14
6.153477222502327042e-14
6.135995888808828340e-14
6.118561118711375877e-14
6.101172796524723283e-14
6.083830806815935981e-14
6.066535034404028949e-14
6.049285364359613305e-14
6.032081682004523966e-14
6.014923872911471287e-14
5.997811822903666197e-14
5.980745418054468047e-14
5.963724544687018581e-14
5.946749089373869593e-14
5.929818938936630782e-14
5.912933980445594880e-14
5.896094101219381722e-14
5.879299188824560857e-14
5.862549131075291820e-14
5.845843816032960632e-14
5.829183132005798619e-14
5.812566967548527741e-14
5.795995211461986987e-14
5.779467752792760035e-14
5.762984480832810477e-14
5.746545285119109484e-14
5.730150055433260934e-14
5.713798681801136643e-14
5.697491054492502766e-14
5.681227064020650602e-14
5.665006601142009741e-14
5.648829556855796551e-14
5.632695822403628574e-14
5.616605289269145249e-14
5.600557849177647558e-14
5.584553394095715587e-14
5.568591816230833656e-14
5.552673008031012933e-14
5.536796862184423504e-14
5.520963271619011309e-14
5.505172129502121373e-14
5.489423329240126734e-14
5.473716764478043476e-14
5.458052329099160907e-14
5.442429917224657865e-14
5.426849423213227213e-14
5.411310741660697820e-14
5.395813767399652123e-14
5.380358395499049993e-14
5.364944521263847564e-14
5.349572040234622991e-14
5.334240848187187072e-14
5.318950841132209012e-14
5.303701915314837137e-14
5.288493967214310147e-14
5.273326893543584138e-14
5.258200591248949534e-14
5.243114957509646752e-14
5.228069889737485028e-14
5.213065285576463128e-14
5.198101042902383756e-14
5.183177059822470483e-14
5.168293234674989093e-14
5.153449466028863247e-14
5.138645652683284478e-14
5.123881693667340470e-14
5.109157488239620637e-14
5.094472935887842510e-14
5.079827936328460469e-14
5.065222389506280142e-14
5.050656195594083543e-14
5.036129254992236531e-14
5.021641468328306375e-14
5.007192736456678677e-14
4.992782960458166732e-14
4.978412041639639187e-14
4.964079881533616771e-14
4.949786381897905004e-14
4.935531444715198504e-14
4.921314972192698547e-14
4.907136866761721163e-14
4.892997031077326683e-14
4.878895368017917106e-14
4.864831780684862496e-14
4.850806172402106551e-14
4.836818446715784792e-14
4.822868507393842757e-14
4.808956258425639677e-14
4.795081604021571082e-14
4.781244448612677532e-14
4.767444696850259015e-14
4.753682253605493142e-14
4.739957023969040716e-14
4.726268913250670236e-14
4.712617826978859044e-14
4.699003670900418463e-14
4.685426350980095579e-14
4.671885773400198372e-14
4.658381844560200026e-14
4.644914471076360276e-14
4.631483559781332868e-14
4.618089017723779334e-14
4.604730752167988448e-14
4.591408670593483052e-14
4.578122680694636362e-14
4.564872690380286995e-14
4.551658607773347703e-14
4.538480341210427974e-14
4.525337799241437714e-14
4.512230890629205433e-14
4.499159524349096442e-14
4.486123609588617158e-14
4.473123055747040235e-14
4.460157772435005719e-14
4.447227669474147443e-14
4.434332656896697964e-14
4.421472644945111172e-14
4.408647544071666601e-14
4.395857264938095188e-14
4.383101718415182321e-14
4.370380815582390449e-14
4.357694467727470961e-14
4.345042586346078589e-14
4.332425083141388342e-14
4.319841870023709274e-14
4.307292859110095738e-14
4.294777962723969362e-14
4.282297093394732821e-14
4.269850163857380458e-14
4.257437087052119000e-14
4.245057776123981959e-14
4.232712144422445302e-14
4.220400105501042487e-14
4.208121573116980761e-14
4.195876461230762504e-14
4.183664684005793326e-14
4.171486155808005306e-14
4.159340791205470136e-14
4.147228504968017307e-14
4.135149212066856096e-14
4.123102827674183651e-14
4.111089267162808235e-14
4.099108446105767419e-14
4.087160280275943746e-14
4.075244685645685447e-14
4.063361578386418954e-14
4.051510874868277819e-14
4.039692491659710176e-14
4.027906345527103877e-14
4.016152353434402786e-14
4.004430432542731916e-14
3.992740500210008677e-14
3.981082473990567377e-14
3.969456271634781833e-14
3.957861811088677249e-14
3.946299010493559139e-14
3.934767788185632147e-14
3.923268062695613821e-14
3.911799752748366690e-14
3.900362777262510141e-14
3.888957055350050604e-14
3.877582506315997220e-14
3.866239049657983182e-14
3.854926605065896555e-14
3.843645092421490260e-14
3.832394431798017934e-14
3.821174543459847706e-14
3.809985347862091750e-14
3.798826765650225733e-14
3.787698717659715846e-14
3.776601124915638888e-14
3.765533908632311813e-14
3.754496990212914346e-14
3.743490291249114741e-14
3.732513733520691131e-14
3.721567238995166126e-14
3.710650729827423743e-14
3.699764128359339590e-14
3.688907357119408520e-14
3.678080338822371658e-14
3.667282996368837751e-14
3.656515252844918397e-14
3.645777031521852544e-14
3.635068255855633522e-14
3.624388849486637960e-14
3.613738736239260385e-14
3.603117840121530153e-14
3.592526085324751096e-14
3.581963396223127917e-14
3.571429697373398898e-14
3.560924913514459772e-14
3.550448969566999579e-14
3.540001790633131488e-14
3.529583301996022970e-14
3.519193429119528512e-14
3.508832097647820425e-14
3.498499233405021552e-14
3.488194762394840500e-14
3.477918610800199295e-14
3.467670704982871771e-14
3.457450971483118167e-14
3.447259337019315310e-14
3.437095728487591217e-14
3.426960072961462846e-14
3.416852297691473853e-14
3.406772330104820989e-14
3.396720097804998795e-14
3.386695528571431676e-14
3.376698550359114184e-14
3.366729091298243092e-14
3.356787079693857672e-14
3.346872444025481868e-14
3.336985112946751325e-14
3.327125015285065655e-14
3.317292080041217993e-14
3.307486236389034010e-14
3.297707413675021028e-14
3.287955541417996311e-14
3.278230549308736180e-14
3.268532367209616289e-14
3.258860925154245595e-14
3.249216153347116108e-14
3.239597982163244424e-14
3.230006342147810119e-14
3.220441164015800443e-14
3.210902378651655016e-14
3.201389917108908003e-14
3.191903710609834071e-14
3.182443690545090565e-14
3.173009788473364723e-14
3.163601936121017119e-14
3.154220065381728248e-14
3.144864108316148272e-14
3.135533997151538565e-14
3.126229664281418929e-14
3.116951042265220503e-14
3.107698063827925401e-14
3.098470661859726564e-14
3.089268769415662358e-14
3.080092319715280830e-14
3.070941246142274943e-14
3.061815482244143051e-14
3.052714961731836747e-14
3.043639618479408089e-14
3.034589386523665023e-14
3.025564200063821130e-14
3.016563993461149788e-14
3.007588701238635812e-14
2.998638258080629619e-14
2.989712598832496338e-14
2.980811658500276290e-14
2.971935372250334728e-14
2.963083675409019162e-14
2.954256503462312885e-14
2.945453792055493559e-14
2.936675476992786745e-14
2.927921494237023222e-14
2.919191779909298199e-14
2.910486270288624216e-14
2.901804901811595406e-14
2.893147611072042290e-14
2.884514334820688461e-14
2.875905009964818634e-14
2.867319573567924608e-14
2.858757962849382141e-14
2.850220115184098812e-14
2.841705968102181112e-14
2.833215459288593349e-14
2.824748526582826005e-14
2.816305107978548325e-14
2.807885141623280780e-14
2.799488565818054281e-14
2.791115319017074753e-14
2.782765339827387714e-14
2.774438567008545688e-14
2.766134939472267104e-14
2.757854396282110971e-14
2.749596876653136401e-14
2.741362319951573500e-14
2.733150665694488891e-14
2.724961853549456283e-14
2.716795823334218211e-14
2.708652515016363861e-14
2.700531868712993019e-14
2.692433824690384117e-14
2.684358323363668590e-14
2.676305305296501766e-14
2.668274711200732173e-14
2.660266481936070849e-14
2.652280558509770433e-14
2.644316882076291007e-14
2.636375393936978550e-14
2.628456035539731100e-14
2.620558748478683515e-14
2.612683474493875216e-14
2.604830155470923906e-14
2.596998733440706559e-14
2.589189150579033457e-14
2.581401349206322243e-14
2.573635271787279209e-14
2.565890860930571772e-14
2.558168059388512919e-14
2.550466810056736207e-14
2.542787055973871374e-14
2.535128740321232274e-14
2.527491806422489650e-14
2.519876197743354962e-14
2.512281857891261374e-14
2.504708730615044418e-14
2.497156759804624876e-14
2.489625889490690395e-14
2.482116063844380255e-14
2.474627227176966673e-14
2.467159323939539258e-14
2.459712298722692936e-14
2.452286096256207990e-14
2.444880661408740192e-14
2.437495939187502424e-14
2.430131874737955125e-14
2.422788413343492008e-14
2.415465500425126415e-14
2.408163081541182390e-14
2.400881102386978512e-14
2.393619508794523074e-14
2.386378246732196964e-14
2.379157262304450423e-14
2.371956501751489714e-14
2.364775911448968516e-14
2.357615437907680902e-14
2.350475027773251155e-14
2.343354627825830222e-14
2.336254184979785207e-14
2.329173646283395198e-14
2.322112958918544549e-14
2.315072070200418070e-14
2.308050927577194945e-14
2.301049478629747704e-14
2.294067671071333306e-14
2.287105452747295581e-14
2.280162771634756624e-14
2.273239575842321135e-14
2.266335813609768759e-14
2.259451433307755269e-14
2.252586383437513742e-14
2.245740612630550693e-14
2.238914069648348513e-14
2.232106703382066969e-14
2.225318462852243117e-14
2.218549297208493115e-14
2.211799155729215608e-14
2.205067987821293859e-14
2.198355743019799134e-14
2.191662370987696301e-14
2.184987821515545322e-14
2.178332044521208747e-14
2.171694990049555100e-14
2.165076608272167947e-14
2.158476849487047709e-14
2.151895664118323251e-14
2.145333002715956536e-14
2.138788815955452006e-14
2.132263054637564388e-14
2.125755669688009658e-14
2.119266612157170319e-14
2.112795833219810152e-14
2.106343284174782651e-14
2.099908916444741354e-14
2.093492681575855222e-14
2.087094531237514236e-14
2.080714417222049509e-14
2.074352291444440777e-14
2.068008105942032724e-14
2.061681812874248783e-14
2.055373364522306831e-14
2.049082713288931728e-14
2.042809811698073854e-14
2.036554612394624165e-14
2.030317068144130844e-14
2.024097131832517196e-14
2.017894756465798926e-14
2.011709895169803300e-14
2.005542501189886421e-14
1.999392527890656179e-14
1.993259928755686054e-14
1.987144657387241535e-14
1.981046667505998660e-14
1.974965912950763177e-14
1.968902347678197285e-14
1.962855925762538800e-14
1.956826601395323156e-14
1.950814328885111097e-14
1.944819062657209100e-14
1.938840757253395166e-14
1.932879367331643356e-14
1.926934847665849575e-14
1.921007153145558632e-14
1.915096238775689399e-14
1.909202059676262494e-14
1.903324571082128603e-14
1.897463728342694579e-14
1.891619486921653661e-14
1.885791802396715361e-14
1.879980630459333152e-14
1.874185926914435940e-14
1.868407647680158587e-14
1.862645748787572755e-14
1.856900186380418060e-14
1.851170916714836383e-14
1.845457896159103028e-14
1.839761081193358824e-14
1.834080428409347277e-14
1.828415894510145094e-14
1.822767436309900598e-14
1.817135010733565199e-14
1.811518574816632122e-14
1.805918085704871671e-14
1.800333500654068055e-14
1.794764777029756551e-14
1.789211872306962222e-14
1.783674744069936764e-14
1.778153350011899434e-14
1.772647647934774210e-14
1.767157595748930722e-14
1.761683151472925196e-14
1.756224273233239810e-14
1.750780919264026474e-14
1.745353047906845560e-14
1.739940617610411887e-14
1.734543586930334080e-14
1.729161914528860564e-14
1.723795559174623016e-14
1.718444479742379205e-14
1.713108635212761814e-14
1.707787984672017487e-14
1.702482487311759124e-14
1.697192102428709664e-14
1.691916789424448696e-14
1.686656507805160030e-14
1.681411217181379888e-14
1.676180877267745735e-14
1.670965447882746362e-14
1.665764888948467248e-14
1.660579160490345378e-14
1.655408222636917753e-14
1.650252035619571486e-14
1.645110559772295143e-14
1.639983755531433259e-14
1.634871583435436418e-14
1.629774004124614822e-14
1.624690978340892790e-14
1.619622466927560744e-14
1.614568430829031291e-14
1.609528831090594363e-14
1.604503628858170774e-14
1.599492785378070202e-14
1.594496261996746637e-14
1.589514020160556045e-14
1.584546021415513084e-14
1.579592227407049396e-14
1.574652599879770955e-14
1.569727100677220145e-14
1.564815691741631212e-14
1.559918335113692347e-14
1.555034992932307131e-14
1.550165627434352515e-14
1.545310200954441845e-14
1.540468675924687888e-14
1.535641014874463650e-14
1.530827180430165086e-14
1.526027135314975704e-14
1.521240842348628647e-14
1.516468264447173184e-14
1.511709364622738376e-14
1.506964105983297357e-14
1.502232451732436041e-14
1.497514365169116153e-14
1.492809809687444561e-14
1.488118748776438514e-14
1.483441146019794977e-14
1.478776965095657130e-14
1.474126169776386543e-14
1.469488723928328412e-14
1.464864591511581844e-14
1.460253736579772978e-14
1.455656123279823379e-14
1.451071715851720317e-14
1.446500478628290210e-14
1.441942376034971115e-14
1.437397372589582696e-14
1.432865432902101557e-14
1.428346521674433419e-14
1.423840603700188767e-14
1.419347643864456607e-14
1.414867607143577428e-14
1.410400458604922167e-14
1.405946163406665487e-14
1.401504686797563953e-14
1.397075994116729785e-14
1.392660050793412814e-14
1.388256822346775662e-14
1.383866274385671437e-14
1.379488372608424115e-14
1.375123082802605451e-14
1.370770370844818989e-14
1.366430202700475236e-14
1.362102544423576143e-14
1.357787362156493913e-14
1.353484622129753431e-14
1.349194290661814852e-14
1.344916334158855721e-14
1.340650719114552771e-14
1.336397412109868617e-14
1.332156379812830560e-14
1.327927588978321062e-14
1.323711006447857816e-14
1.319506599149380909e-14
1.315314334097039197e-14
1.311134178390975898e-14
1.306966099217115118e-14
1.302810063846948867e-14
1.298666039637326111e-14
1.294533994030239785e-14
1.290413894552613953e-14
1.286305708816097289e-14
1.282209404516847241e-14
1.278124949435322878e-14
1.274052311436075211e-14
1.269991458467538302e-14
1.265942358561819584e-14
1.261904979834490972e-14
1.257879290484383916e-14
1.253865258793379723e-14
1.249862853126203032e-14
1.245872041930216078e-14
1.241892793735212645e-14
1.237925077153212013e-14
1.233968860878254643e-14
1.230024113686197390e-14
1.226090804434508554e-14
1.222168902062065306e-14
1.218258375588950630e-14
1.214359194116249011e-14
1.210471326825845271e-14
1.206594742980222945e-14
1.202729411922261849e-14
1.198875303075038348e-14
1.195032385941623247e-14
1.191200630104882523e-14
1.187380005227277905e-14
1.183570481050667919e-14
1.179772027396108152e-14
1.175984614163653246e-14
1.172208211332159052e-14
1.168442788959086361e-14
1.164688317180301798e-14
1.160944766209882811e-14
1.157212106339920617e-14
1.153490307940325353e-14
1.149779341458630122e-14
1.146079177419797092e-14
1.142389786426021857e-14
1.138711139156541115e-14
1.135043206367437343e-14
1.131385958891446949e-14
1.127739367637767472e-14
1.124103403591865261e-14
1.120478037815283303e-14
1.116863241445451113e-14
1.113258985695492566e-14
1.109665241854035304e-14
1.106081981285022365e-14
1.102509175427520952e-14
1.098946795795533273e-14
1.095394813977809419e-14
1.091853201637657251e-14
1.088321930512756068e-14
1.084800972414966808e-14
1.081290299230147457e-14
1.077789882917965297e-14
1.074299695511710422e-14
1.070819709118110825e-14
1.067349895917147021e-14
1.063890228161865557e-14
1.060440678178197098e-14
1.057001218364769633e-14
1.053571821192726713e-14
1.050152459205544282e-14
1.046743105018845609e-14
1.043343731320221112e-14
1.039954310869045974e-14
1.036574816496298546e-14
1.033205221104377966e-14
1.029845497666925080e-14
1.026495619228641330e-14
1.023155558905108410e-14
1.019825289882609833e-14
1.016504785417951225e-14
1.013194018838281570e-14
1.009892963540914928e-14
1.006601592993152625e-14
1.003319880732107021e-14
1.000047800364521966e-14
9.967853255665976743e-15
9.935324300838157518e-15
9.902890877307602854e-15
9.870552723909453961e-15
9.838309580166388509e-15
9.806161186286867771e-15
9.774107283163416910e-15
9.742147612370867399e-15
9.710281916164619943e-15
9.678509937478937390e-15
9.646831419925201344e-15
9.615246107790194029e-15
9.583753746034376995e-15
9.552354080290184019e-15
9.521046856860314013e-15
9.489831822716012885e-15
9.458708725495377487e-15
9.427677313501662721e-15
9.396737335701585486e-15
9.365888541723625472e-15
9.335130681856351199e-15
9.304463507046730276e-15
9.273886768898457014e-15
9.243400219670272155e-15
9.213003612274298375e-15
9.182696700274369474e-15
9.152479237884365882e-15
9.122350979966565941e-15
9.092311682029978250e-15
9.062361100228708723e-15
9.032498991360281896e-15
9.002725112864036380e-15
8.973039222819461947e-15
8.943441079944560272e-15
8.913930443594234081e-15
8.884507073758644746e-15
8.855170731061587226e-15
8.825921176758880793e-15
8.796758172736737668e-15
8.767681481510166368e-15
8.738690866221352961e-15
8.709786090638058100e-15
8.680966919152020372e-15
8.652233116777351751e-15
8.623584449148951992e-15
8.595020682520910394e-15
8.566541583764923348e-15
8.538146920368722926e-15
8.509836460434480225e-15
8.481609972677235535e-15
8.453467226423344283e-15
8.425407991608883534e-15
8.397432038778108977e-15
8.369539139081885096e-15
8.341729064276131111e-15
8.314001586720271654e-15
8.286356479375682716e-15
8.258793515804150212e-15
8.231312470166328546e-15
8.203913117220197600e-15
8.176595232319540230e-15
8.149358591412405568e-15
8.122202971039575477e-15
8.095128148333054666e-15
8.068133901014537151e-15
8.041220007393904259e-15
8.014386246367700551e-15
7.987632397417636562e-15
7.960958240609072615e-15
7.934363556589532600e-15
7.907848126587186213e-15
7.881411732409365891e-15
7.855054156441082181e-15
7.828775181643529633e-15
7.802574591552597436e-15
7.776452170277406862e-15
7.750407702498814018e-15
7.724440973467952021e-15
7.698551769004758991e-15
7.672739875496502877e-15
7.647005079896337845e-15
7.621347169721827526e-15
7.595765933053504560e-15
7.570261158533397000e-15
7.544832635363611521e-15
7.519480153304862984e-15
7.494203502675049749e-15
7.469002474347795864e-15
7.443876859751042156e-15
7.418826450865599464e-15
7.393851040223727108e-15
7.368950420907698743e-15
7.344124386548402917e-15
7.319372731323905769e-15
7.294695249958045276e-15
7.270091737719022350e-15
7.245561990417996665e-15
7.221105804407679328e-15
7.196722976580922395e-15
7.172413304369357301e-15
7.148176585741951241e-15
7.124012619203669263e-15
7.099921203794042485e-15
7.075902139085818355e-15
7.051955225183567522e-15
7.028080262722303329e-15
7.004277052866119450e-15
6.980545397306815697e-15
6.956885098262527764e-15
6.933295958476369603e-15
6.909777781215078155e-15
6.886330370267639948e-15
6.862953529943959497e-15
6.839647065073496154e-15
6.816410781003926198e-15
6.793244483599786785e-15
6.770147979241149082e-15
6.747121074822280363e-15
6.724163577750303728e-15
6.701275295943871245e-15
6.678456037831847337e-15
6.655705612351963776e-15
6.633023828949520429e-15
6.610410497576056816e-15
6.587865428688041023e-15
6.565388433245561772e-15
6.542979322711019697e-15
6.520637909047823361e-15
6.498364004719082902e-15
6.476157422686321032e-15
6.454017976408172205e-15
6.431945479839095988e-15
6.409939747428083328e-15
6.388000594117380963e-15
6.366127835341194533e-15
6.344321287024427985e-15
6.322580765581392993e-15
6.300906087914547569e-15
6.279297071413218112e-15
6.257753533952335649e-15
6.236275293891176813e-15
6.214862170072105615e-15
6.193513981819302583e-15
6.172230548937527830e-15
6.151011691710863611e-15
6.129857230901462401e-15
6.108766987748312324e-15
6.087740783965988392e-15
6.066778441743413199e-15
6.045879783742628667e-15
6.025044633097561481e-15
6.004272813412788516e-15
5.983564148762314896e-15
5.962918463688352049e-15
5.942335583200098912e-15
5.921815332772520780e-15
5.901357538345138401e-15
5.880962026320813130e-15
5.860628623564547074e-15
5.840357157402265878e-15
5.820147455619629912e-15
5.799999346460824158e-15
5.779912658627373342e-15
5.759887221276940497e-15
5.739922864022136573e-15
5.720019416929335569e-15
5.700176710517498340e-15
5.680394575756974316e-15
5.660672844068343457e-15
5.641011347321221917e-15
5.621409917833103206e-15
5.601868388368180420e-15
5.582386592136185041e-15
5.562964362791218631e-15
5.543601534430601098e-15
5.524297941593700809e-15
5.505053419260786019e-15
5.485867802851873911e-15
5.466740928225578870e-15
5.447672631677968626e-15
5.428662749941416467e-15
5.409711120183466066e-15
5.390817580005689210e-15
5.371981967442549840e-15
5.353204120960283084e-15
5.334483879455748246e-15
5.315821082255318884e-15
5.297215569113746849e-15
5.278667180213053146e-15
5.260175756161400654e-15
5.241741137991981037e-15
5.223363167161902460e-15
5.205041685551083596e-15
5.186776535461146073e-15
5.168567559614304540e-15
5.150414601152270948e-15
5.132317503635154867e-15
5.114276111040367767e-15
5.096290267761529654e-15
5.078359818607380439e-15
5.060484608800686582e-15
5.042664483977165871e-15
5.024899290184395639e-15
5.007188873880742280e-15
4.989533081934279723e-15
4.971931761621713420e-15
4.954384760627313813e-15
4.936891927041848211e-15
4.919453109361511099e-15
4.902068156486861536e-15
4.884736917721768456e-15
4.867459242772345700e-15
4.850234981745895733e-15
4.833063985149869924e-15
4.815946103890804377e-15
4.798881189273280996e-15
4.781869092998879091e-15
4.764909667165133293e-15
4.748002764264500936e-15
4.731148237183319970e-15
4.714345939200772396e-15
4.697595723987856385e-15
4.680897445606361546e-15
4.664250958507835515e-15
4.647656117532564751e-15
4.631112777908551380e-15
4.614620795250497146e-15
4.598180025558786565e-15
4.581790325218470875e-15
4.565451550998265393e-15
4.549163560049528729e-15
4.532926209905271976e-15
4.516739358479144237e-15
4.500602864064435501e-15
4.484516585333085050e-15
4.468480381334673290e-15
4.452494111495441988e-15
4.436557635617295575e-15
4.420670813876815856e-15
4.404833506824279880e-15
4.389045575382669921e-15
4.373306880846698442e-15
4.357617284881833066e-15
4.341976649523312866e-15
4.326384837175182008e-15
4.310841710609317091e-15
4.295347132964459998e-15
4.279900967745250753e-15
4.264503078821269058e-15
4.249153330426068728e-15
4.233851587156216852e-15
4.218597713970352689e-15
4.203391576188217366e-15
4.188233039489707243e-15
4.173121969913938328e-15
4.158058233858284655e-15
4.143041698077441901e-15
4.128072229682483916e-15
4.113149696139928705e-15
4.098273965270794165e-15
4.083444905249670385e-15
4.068662384603787210e-15
4.053926272212083387e-15
4.039236437304281231e-15
4.024592749459960501e-15
4.009995078607635435e-15
3.995443295023840456e-15
3.980937269332211155e-15
3.966476872502561319e-15
3.952061975849978898e-15
3.937692451033917239e-15
3.923368170057275270e-15
3.909089005265508458e-15
3.894854829345708994e-15
3.880665515325715171e-15
3.866520936573210505e-15
3.852420966794823643e-15
3.838365480035243263e-15
3.824354350676314038e-15
3.810387453436153899e-15
3.796464663368267362e-15
3.782585855860659628e-15
3.768750906634953067e-15
3.754959691745504476e-15
3.741212087578533394e-15
3.727507970851240150e-15
3.713847218610931807e-15
3.700229708234156784e-15
3.686655317425828429e-15
3.673123924218363582e-15
3.659635406970817985e-15
3.646189644368014593e-15
3.632786515419695544e-15
3.619425899459655991e-15
3.606107676144892136e-15
3.592831725454744522e-15
3.579597927690051586e-15
3.566406163472290595e-15
3.553256313742739867e-15
3.540148259761634303e-15
3.527081883107312624e-15
3.514057065675385125e-15
3.501073689677895902e-15
3.488131637642479169e-15
3.475230792411533711e-15
3.462371037141383146e-15
3.449552255301455506e-15
3.436774330673442312e-15
3.424037147350485261e-15
3.411340589736348706e-15
3.398684542544593724e-15
3.386068890797767558e-15
3.373493519826576498e-15
3.360958315269081240e-15
3.348463163069875687e-15
3.336007949479280728e-15
3.323592561052532109e-15
3.311216884648979342e-15
3.298880807431274760e-15
3.286584216864578340e-15
3.274327000715747548e-15
3.262109047052548080e-15
3.249930244242852775e-15
3.237790480953848416e-15
3.225689646151246473e-15
3.213627629098488724e-15
3.201604319355959175e-15
3.189619606780205071e-15
3.177673381523144474e-15
3.165765534031285693e-15
3.153895955044951435e-15
3.142064535597500598e-15
3.130271167014548477e-15
3.118515740913195654e-15
3.106798149201254129e-15
3.095118284076480543e-15
3.083476038025807040e-15
3.071871303824572915e-15
3.060303974535764157e-15
3.048773943509249826e-15
3.037281104381021988e-15
3.025825351072439591e-15
3.014406577789469189e-15
3.003024679021934337e-15
2.991679549542761441e-15
2.980371084407230345e-15
2.969099178952225299e-15
2.957863728795489492e-15
2.946664629834881548e-15
2.935501778247632026e-15
2.924375070489601889e-15
2.913284403294546497e-15
2.902229673673376448e-15
2.891210778913426298e-15
2.880227616577719345e-15
2.869280084504235176e-15
2.858368080805184302e-15
2.847491503866279650e-15
2.836650252346010415e-15
2.825844225174919859e-15
2.815073321554881921e-15
2.804337440958386518e-15
2.793636483127815360e-15
2.782970348074732377e-15
2.772338936079165066e-15
2.761742147688892935e-15
2.751179883718740686e-15
2.740652045249869029e-15
2.730158533629063128e-15
2.719699250468033280e-15
2.709274097642710455e-15
2.698882977292545007e-15
2.688525791819807735e-15
2.678202443888891749e-15
2.667912836425618660e-15
2.657656872616543204e-15
2.647434455908262197e-15
2.637245490006723099e-15
2.627089878876537706e-15
2.616967526740293475e-15
2.606878338077871944e-15
2.596822217625761246e-15
2.586799070376378078e-15
2.576808801577387704e-15
2.566851316731027114e-15
2.556926521593426604e-15
2.547034322173939239e-15
2.537174624734465202e-15
2.527347335788782832e-15
2.517552362101880858e-15
2.507789610689288261e-15
2.498058988816411630e-15
2.488360403997871333e-15
2.478693763996838487e-15
2.469058976824375855e-15
2.459455950738776789e-15
2.449884594244914415e-15
2.440344816093579779e-15
2.430836525280833405e-15
2.421359631047350935e-15
2.411914042877777837e-15
2.402499670500073473e-15
2.393116423884871723e-15
2.383764213244833332e-15
2.374442949034002198e-15
2.365152541947166002e-15
2.355892902919216046e-15
2.346663943124506700e-15
2.337465573976222731e-15
2.328297707125741516e-15
2.319160254462002734e-15
2.310053128110875708e-15
2.300976240434527124e-15
2.291929504030799024e-15
2.282912831732576524e-15
2.273926136607166201e-15
2.264969331955671306e-15
2.256042331312372123e-15
2.247145048444105127e-15
2.238277397349644523e-15
2.229439292259085354e-15
2.220630647633228585e-15
2.211851378162968947e-15
2.203101398768681990e-15
2.194380624599613903e-15
2.185688971033273297e-15
2.177026353674824181e-15
2.168392688356481301e-15
2.159787891136904288e-15
2.151211878300596947e-15
2.142664566357308117e-15
2.134145872041428580e-15
2.125655712311397059e-15
2.117194004349103436e-15
2.108760665559294348e-15
2.100355613568978783e-15
2.091978766226838403e-15
2.083630041602639452e-15
2.075309357986641893e-15
2.067016633889014474e-15
2.058751788039247417e-15
2.050514739385571819e-15
2.042305407094377867e-15
2.034123710549629498e-15
2.025969569352292089e-15
2.017842903319751848e-15
2.009743632485237189e-15
2.001671677097250750e-15
1.993626957618992341e-15
1.985609394727785840e-15
1.977618909314515545e-15
1.969655422483051104e-15
1.961718855549686230e-15
1.953809130042569152e-15
1.945926167701141336e-15
1.938069890475574633e-15
1.930240220526210006e-15
1.922437080222997438e-15
1.914660392144940179e-15
1.906910079079534656e-15
1.899186064022220635e-15
1.891488270175821921e-15
1.883816620949999677e-15
1.876171039960696667e-15
1.868551451029592950e-15
1.860957778183554459e-15
1.853389945654089086e-15
1.845847877876801181e-15
1.838331499490846454e-15
1.830840735338391994e-15
1.823375510464075510e-15
1.815935750114466140e-15
1.808521379737526451e-15
1.801132324982074830e-15
1.793768511697253396e-15
1.786429865931993548e-15
1.779116313934482300e-15
1.771827782151633941e-15
1.764564197228558934e-15
1.757325486008038340e-15
1.750111575529993503e-15
1.742922393030966392e-15
1.735757865943589283e-15
1.728617921896070034e-15
1.721502488711665515e-15
1.714411494408163922e-15
1.707344867197365901e-15
1.700302535484570212e-15
1.693284427868055250e-15
1.686290473138566285e-15
1.679320600278803295e-15
1.672374738462908797e-15
1.665452817055957849e-15
1.658554765613450614e-15
1.651680513880802364e-15
1.644829991792841170e-15
1.638003129473300274e-15
1.631199857234315972e-15
1.624420105575926301e-15
1.617663805185568135e-15
1.610930886937581190e-15
1.604221281892707689e-15
1.597534921297595576e-15
1.590871736584304891e-15
1.584231659369811371e-15
1.577614621455515786e-15
1.571020554826752276e-15
1.564449391652296502e-15
1.557901064283878123e-15
1.551375505255694272e-15
1.544872647283921248e-15
1.538392423266229960e-15
1.531934766281303732e-15
1.525499609588354147e-15
1.519086886626641015e-15
1.512696531014991375e-15
1.506328476551323017e-15
1.499982657212164066e-15
1.493659007152180852e-15
1.487357460703699069e-15
1.481077952376233021e-15
1.474820416856012508e-15
1.468584789005511079e-15
1.462371003862977457e-15
1.456178996641966950e-15
1.450008702730872278e-15
1.443860057692459723e-15
1.437732997263404095e-15
1.431627457353823500e-15
1.425543374046818452e-15
1.419480683598009990e-15
1.413439322435081157e-15
1.407419227157315314e-15
1.401420334535142354e-15
1.395442581509679777e-15
1.389485905192279295e-15
1.383550242864070869e-15
1.377635531975513061e-15
1.371741710145938447e-15
1.365868715163105946e-15
1.360016484982749980e-15
1.354184957728133784e-15
1.348374071689601727e-15
1.342583765324135381e-15
1.336813977254906830e-15
1.331064646270838481e-15
1.325335711326158149e-15
1.319627111539960849e-15
1.313938786195767223e-15
1.308270674741086319e-15
1.302622716786977379e-15
1.296994852107614978e-15
1.291387020639853177e-15
1.285799162482791652e-15
1.280231217897343002e-15
1.274683127305802626e-15
1.269154831291416225e-15
1.263646270597951453e-15
1.258157386129270946e-15
1.252688118948903973e-15
1.247238410279621430e-15
1.241808201503009471e-15
1.236397434159050020e-15
1.231006049945693219e-15
1.225633990718440111e-15
1.220281198489919819e-15
1.214947615429472627e-15
1.209633183862730111e-15
1.204337846271200198e-15
1.199061545291849861e-15
1.193804223716691158e-15
1.188565824492368073e-15
1.183346290719742754e-15
1.178145565653486294e-15
1.172963592701666154e-15
1.167800315425339114e-15
1.162655677538142640e-15
1.157529622905886257e-15
1.152422095546147452e-15
1.147333039627866793e-15
1.142262399470943836e-15
1.137210119545833619e-15
1.132176144473146714e-15
1.127160419023248482e-15
1.122162888115857150e-15
1.117183496819648789e-15
1.112222190351857756e-15
1.107278914077881868e-15
1.102353613510885606e-15
1.097446234311408051e-15
1.092556722286967271e-15
1.087685023391670621e-15
1.082831083725821500e-15
1.077994849535531818e-15
1.073176267212330529e-15
1.068375283292777283e-15
1.063591844458075490e-15
1.058825897533685188e-15
1.054077389488941036e-15
1.049346267436664393e-15
1.044632478632784463e-15
1.039935970475954128e-15
1.035256690507170497e-15
1.030594586409393302e-15
1.025949606007169788e-15
1.021321697266252712e-15
1.016710808293226226e-15
1.012116887335129979e-15
1.007539882779083823e-15
1.002979743151914087e-15
9.984364171197818264e-16
9.939098534878092978e-16
9.894000011997115608e-16
9.849068093374249248e-16
9.804302271207385506e-16
9.759702039069270385e-16
9.715266891903841999e-16
9.670996326022552505e-16
9.626889839100749208e-16
9.582946930174010297e-16
9.539167099634525951e-16
9.495549849227479434e-16
9.452094682047434118e-16
9.408801102534738244e-16
9.365668616471935608e-16
9.322696730980178217e-16
9.279884954515652744e-16
9.237232796866038550e-16
9.194739769146920331e-16
9.152405383798281638e-16
9.110229154580949082e-16
9.068210596573079935e-16
9.026349226166641832e-16
8.984644561063900375e-16
8.943096120273944196e-16
8.901703424109172555e-16
8.860465994181837171e-16
8.819383353400577151e-16
8.778455025966939126e-16
8.737680537371942750e-16
8.697059414392636335e-16
8.656591185088677136e-16
8.616275378798890938e-16
8.576111526137868115e-16
8.536099158992559699e-16
8.496237810518888233e-16
8.456527015138351728e-16
8.416966308534652267e-16
8.377555227650327570e-16
8.338293310683399320e-16
8.299180097084007686e-16
8.260215127551094162e-16
8.221397944029040035e-16
8.182728089704369931e-16
8.144205109002423809e-16
8.105828547584059521e-16
8.067597952342347487e-16
8.029512871399292978e-16
7.991572854102544590e-16
7.953777451022142168e-16
7.916126213947240077e-16
7.878618695882861035e-16
7.841254451046652910e-16
7.804033034865651435e-16
7.766954003973050805e-16
7.730016916204994985e-16
7.693221330597357190e-16
7.656566807382548937e-16
7.620052907986317275e-16
7.583679195024573558e-16
7.547445232300208426e-16
7.511350584799929453e-16
7.475394818691098805e-16
7.439577501318589625e-16
7.403898201201639470e-16
7.368356488030720499e-16
7.332951932664407700e-16
7.297684107126275706e-16
7.262552584601780822e-16
7.227556939435156861e-16
7.192696747126337594e-16
7.157971584327867379e-16
7.123381028841818685e-16
7.088924659616736242e-16
7.054602056744575276e-16
7.020412801457644668e-16
6.986356476125576750e-16
6.952432664252279338e-16
6.918640950472920312e-16
6.884980920550906279e-16
6.851452161374873071e-16
6.818054260955681168e-16
6.784786808423423945e-16
6.751649394024442815e-16
6.718641609118353233e-16
6.685763046175061804e-16
6.653013298771817926e-16
6.620391961590256538e-16
6.587898630413446803e-16
6.555532902122953596e-16
6.523294374695915759e-16
6.491182647202121404e-16
6.459197319801081238e-16
6.427337993739135410e-16
6.395604271346550512e-16
6.363995756034625438e-16
6.332512052292809087e-16
6.301152765685826935e-16
6.269917502850806627e-16
6.238805871494422296e-16
6.207817480390040861e-16
6.176951939374874240e-16
6.146208859347145365e-16
6.115587852263252228e-16
6.085088531134958550e-16
6.054710510026555854e-16
6.024453404052075829e-16
5.994316829372484940e-16
5.964300403192886935e-16
5.934403743759743091e-16
5.904626470358091484e-16
5.874968203308784000e-16
5.845428563965709548e-16
5.816007174713045861e-16
5.786703658962521169e-16
5.757517641150656139e-16
5.728448746736042306e-16
5.699496602196609659e-16
5.670660835026913939e-16
5.641941073735420009e-16
5.613336947841800980e-16
5.584848087874238346e-16
5.556474125366729985e-16
5.528214692856418890e-16
5.500069423880901170e-16
5.472037952975569572e-16
5.444119915670953037e-16
5.416314948490051345e-16
5.388622688945701299e-16
5.361042775537930102e-16
5.333574847751316613e-16
5.306218546052383178e-16
5.278973511886953933e-16
5.251839387677564378e-16
5.224815816820844335e-16
5.197902443684925551e-16
5.171098913606840434e-16
5.144404872889956274e-16
5.117819968801381873e-16
5.091343849569406696e-16
5.064976164380930180e-16
5.038716563378915676e-16
5.012564697659828630e-16
4.986520219271106309e-16
4.960582781208611751e-16
4.934752037414112371e-16
4.909027642772746733e-16
4.883409253110521881e-16
4.857896525191801813e-16
4.832489116716791008e-16
4.807186686319058390e-16
4.781988893563039600e-16
4.756895398941555039e-16
4.731905863873330874e-16
4.707019950700539765e-16
4.682237322686326799e-16
4.657557644012363033e-16
4.632980579776395101e-16
4.608505795989794807e-16
4.584132959575131411e-16
4.559861738363742923e-16
4.535691801093308381e-16
4.511622817405429994e-16
4.487654457843226129e-16
4.463786393848928248e-16
4.440018297761483749e-16
4.416349842814161287e-16
4.392780703132173833e-16
4.369310553730291882e-16
4.345939070510480808e-16
4.322665930259523931e-16
4.299490810646679109e-16
4.276413390221307714e-16
4.253433348410547001e-16
4.230550365516955853e-16
4.207764122716187637e-16
4.185074302054661097e-16
4.162480586447237647e-16
4.139982659674911001e-16
4.117580206382492845e-16
4.095272912076311339e-16
4.073060463121915040e-16
4.050942546741786682e-16
4.028918851013051536e-16
4.006989064865202039e-16
3.985152878077832286e-16
3.963409981278357232e-16
3.941760065939766908e-16
3.920202824378366823e-16
3.898737949751529717e-16
3.877365136055453214e-16
3.856084078122927851e-16
3.834894471621102617e-16
3.813796013049262347e-16
3.792788399736613483e-16
3.771871329840063432e-16
3.751044502342025561e-16
3.730307617048211372e-16
3.709660374585437961e-16
3.689102476399439423e-16
3.668633624752684666e-16
3.648253522722202618e-16
3.627961874197406945e-16
3.607758383877935559e-16
3.587642757271488150e-16
3.567614700691674076e-16
3.547673921255863705e-16
3.527820126883047643e-16
3.508053026291698917e-16
3.488372328997644537e-16
3.468777745311939509e-16
3.449268986338746283e-16
3.429845763973223066e-16
3.410507790899414612e-16
3.391254780588153846e-16
3.372086447294959059e-16
3.353002506057948357e-16
3.334002672695750166e-16
3.315086663805427540e-16
3.296254196760400502e-16
3.277504989708380210e-16
3.258838761569302637e-16
3.240255232033273591e-16
3.221754121558516191e-16
3.203335151369323286e-16
3.184998043454017261e-16
3.166742520562914773e-16
3.148568306206294455e-16
3.130475124652373482e-16
3.112462700925288582e-16
3.094530760803082467e-16
3.076679030815694708e-16
3.058907238242956542e-16
3.041215111112597032e-16
3.023602378198247738e-16
3.006068769017456761e-16
2.988614013829704760e-16
2.971237843634432797e-16
2.953939990169065746e-16
2.936720185907051485e-16
2.919578164055897617e-16
2.902513658555215585e-16
2.885526404074771696e-16
2.868616136012539619e-16
2.851782590492766198e-16
2.835025504364030850e-16
2.818344615197317794e-16
2.801739661284095660e-16
2.785210381634394151e-16
2.768756515974890070e-16
2.752377804746999261e-16
2.736073989104976439e-16
2.719844810914012561e-16
2.703690012748340569e-16
2.687609337889350014e-16
2.671602530323700694e-16
2.655669334741447625e-16
2.639809496534165533e-16
2.624022761793079738e-16
2.608308877307206912e-16
2.592667590561490901e-16
2.577098649734952354e-16
2.561601803698842294e-16
2.546176802014793719e-16
2.530823394932989474e-16
2.515541333390321735e-16
2.500330369008567776e-16
2.485190254092567692e-16
2.470120741628398686e-16
2.455121585281569066e-16
2.440192539395201893e-16
2.425333358988236876e-16
2.410543799753625846e-16
2.395823618056540568e-16
2.381172570932583994e-16
2.366590416086001526e-16
2.352076911887903117e-16
2.337631817374488829e-16
2.323254892245273896e-16
2.308945896861327589e-16
2.294704592243508637e-16
2.280530740070709515e-16
2.266424102678103697e-16
2.252384443055401778e-16
2.238411524845101681e-16
2.224505112340761054e-16
2.210664970485253888e-16
2.196890864869048331e-16
2.183182561728480565e-16
2.169539827944034844e-16
2.155962431038631167e-16
2.142450139175911732e-16
2.129002721158536249e-16
2.115619946426486142e-16
2.102301585055358387e-16
2.089047407754681050e-16
2.075857185866223149e-16
2.062730691362313151e-16
2.049667696844158945e-16
2.036667975540172988e-16
2.023731301304306825e-16
2.010857448614383635e-16
1.998046192570436198e-16
1.985297308893054725e-16
1.972610573921729266e-16
1.959985764613211093e-16
1.947422658539861273e-16
1.934921033888017481e-16
1.922480669456358341e-16
1.910101344654273939e-16
1.897782839500241260e-16
1.885524934620201111e-16
1.873327411245944155e-16
1.861190051213496957e-16
1.849112636961513689e-16
1.837094951529674990e-16
1.825136778557085101e-16
1.813237902280679845e-16
1.801398107533633618e-16
1.789617179743774274e-16
1.777894904931999734e-16
1.766231069710701249e-16
1.754625461282187896e-16
1.743077867437117733e-16
1.731588076552932894e-16
1.720155877592297399e-16
1.708781060101539895e-16
1.697463414209102554e-16
1.686202730623989733e-16
1.674998800634225256e-16
1.663851416105310436e-16
1.652760369478690483e-16
1.641725453770218935e-16
1.630746462568629980e-16
1.619823190034017436e-16
1.608955430896311503e-16
1.598142980453763420e-16
1.587385634571435034e-16
1.576683189679690604e-16
1.566035442772690316e-16
1.555442191406893920e-16
1.544903233699564353e-16
1.534418368327274084e-16
1.523987394524419342e-16
1.513610112081735580e-16
1.503286321344816880e-16
1.493015823212642016e-16
1.482798419136099533e-16
1.472633911116523912e-16
1.462522101704228540e-16
1.452462793997044590e-16
1.442455791638868532e-16
1.432500898818206681e-16
1.422597920266727394e-16
1.412746661257818193e-16
1.402946927605143138e-16
1.393198525661206110e-16
1.383501262315919030e-16
1.373854944995171063e-16
1.364259381659404974e-16
1.354714380802194211e-16
1.345219751448825677e-16
1.335775303154886677e-16
1.326380846004852120e-16
1.317036190610680592e-16
1.307741148110411661e-16
1.298495530166765653e-16
1.289299148965749091e-16
1.280151817215262849e-16
1.271053348143716222e-16
1.262003555498639764e-16
1.253002253545309219e-16
1.244049257065364025e-16
1.235144381355439138e-16
1.226287442225791674e-16
1.217478255998939380e-16
1.208716639508294429e-16
1.200002410096808305e-16
1.191335385615616934e-16
1.182715384422687047e-16
1.174142225381471665e-16
1.165615727859564848e-16
1.157135711727362105e-16
1.148701997356722048e-16
1.140314405619637156e-16
1.131972757886899866e-16
1.123676876026778760e-16
1.115426582403696489e-16
1.107221699876910274e-16
1.099062051799196241e-16
1.090947462015537686e-16
1.082877754861817914e-16
1.074852755163514176e-16
1.066872288234396667e-16
1.058936179875231347e-16
1.051044256372483242e-16
1.043196344497029005e-16
1.035392271502866512e-16
1.027631865125831973e-16
1.019914953582320008e-16
1.012241365568004708e-16
1.004610930256567838e-16
9.970234772984265566e-17
9.894788368194679096e-17
9.819768394197851728e-17
9.745173161724165377e-17
9.671000986220886040e-17
9.597250187839641861e-17
9.523919091423903663e-17
9.451006026496534505e-17
9.378509327247336770e-17
9.306427332520670747e-17
9.234758385803067054e-17
9.163500835210901915e-17
9.092653033478095859e-17
9.022213337943837077e-17
8.952180110540357772e-17
8.882551717780719141e-17
8.813326530746635803e-17
8.744502925076356918e-17
8.676079280952542389e-17
8.608053983090185885e-17
8.540425420724592116e-17
8.473191987599357791e-17
8.406352081954384637e-17
8.339904106513942941e-17
8.273846468474765915e-17
8.208177579494150227e-17
8.142895855678120613e-17
8.077999717569606835e-17
8.013487590136647737e-17
7.949357902760659407e-17
7.885609089224688546e-17
7.822239587701726231e-17
7.759247840743048802e-17
7.696632295266595715e-17
7.634391402545353571e-17
7.572523618195799303e-17
7.511027402166363083e-17
7.449901218725917115e-17
7.389143536452303877e-17
7.328752828220890236e-17
7.268727571193146228e-17
7.209066246805274360e-17
7.149767340756842622e-17
7.090829342999480358e-17
7.032250747725555643e-17
6.974030053356943877e-17
6.916165762533770496e-17
6.858656382103226401e-17
6.801500423108383388e-17
6.744696400777052724e-17
6.688242834510683161e-17
6.632138247873260183e-17
6.576381168580260720e-17
6.520970128487637447e-17
6.465903663580799385e-17
6.411180313963680009e-17
6.356798623847767155e-17
6.302757141541216738e-17
6.249054419437972636e-17
6.195689014006916154e-17
6.142659485781033977e-17
6.089964399346646521e-17
6.037602323332635052e-17
5.985571830399703316e-17
5.933871497229687244e-17
5.882499904514864648e-17
5.831455636947311769e-17
5.780737283208295558e-17
5.730343435957654871e-17
5.680272691823269175e-17
5.630523651390503834e-17
5.581094919191708403e-17
5.531985103695745727e-17
5.483192817297522897e-17
5.434716676307589994e-17
5.386555300941732674e-17
5.338707315310607887e-17
5.291171347409408574e-17
5.243946029107544371e-17
5.197029996138363006e-17
5.150421888088889558e-17
5.104120348389602692e-17
5.058124024304225081e-17
5.012431566919559419e-17
4.967041631135326913e-17
4.921952875654053834e-17
4.877163962970980879e-17
4.832673559363991638e-17
4.788480334883574952e-17
4.744582963342808845e-17
4.700980122307377740e-17
4.657670493085610618e-17
4.614652760718551236e-17
4.571925613970045598e-17
4.529487745316864549e-17
4.487337850938852876e-17
4.445474630709096900e-17
4.403896788184128421e-17
4.362603030594141612e-17
4.321592068833253671e-17
4.280862617449774710e-17
4.240413394636510315e-17
4.200243122221098001e-17
4.160350525656352292e-17
4.120734334010648015e-17
4.081393279958331325e-17
4.042326099770141825e-17
4.003531533303677824e-17
3.965008323993875776e-17
3.926755218843516828e-17
3.888770968413759259e-17
3.851054326814701115e-17
3.813604051695961331e-17
3.776418904237286125e-17
3.739497649139186822e-17
3.702839054613596781e-17
3.666441892374552360e-17
3.630304937628907777e-17
3.594426969067059830e-17
3.558806768853714530e-17
3.523443122618662354e-17
3.488334819447591716e-17
3.453480651872915378e-17
3.418879415864628291e-17
3.384529910821190088e-17
3.350430939560427915e-17
3.316581308310464533e-17
3.282979826700674764e-17
3.249625307752660432e-17
3.216516567871250568e-17
3.183652426835530582e-17
3.151031707789889309e-17
3.118653237235094405e-17
3.086515845019380679e-17
3.054618364329585276e-17
3.022959631682279147e-17
2.991538486914942906e-17
2.960353773177153773e-17
2.929404336921801482e-17
2.898689027896333161e-17
2.868206699134003754e-17
2.837956206945168968e-17
2.807936410908591781e-17
2.778146173862771132e-17
2.748584361897302356e-17
2.719249844344251485e-17
2.690141493769551726e-17
2.661258185964433853e-17
2.632598799936869524e-17
2.604162217903039568e-17
2.575947325278827538e-17
2.547953010671331137e-17
2.520178165870405072e-17
2.492621685840215312e-17
2.465282468710822933e-17
2.438159415769791062e-17
2.411251431453807550e-17
2.384557423340338452e-17
2.358076302139296297e-17
2.331806981684737025e-17
2.305748378926572010e-17
2.279899413922308447e-17
2.254259009828810061e-17
2.228826092894075708e-17
2.203599592449046305e-17
2.178578440899429032e-17
2.153761573717545871e-17
2.129147929434199708e-17
2.104736449630569099e-17
2.080526078930117206e-17
2.056515764990528157e-17
2.032704458495660977e-17
2.009091113147526621e-17
1.985674685658286897e-17
1.962454135742272482e-17
1.939428426108024060e-17
1.916596522450356868e-17
1.893957393442438198e-17
1.871510010727898166e-17
1.849253348912950042e-17
1.827186385558537077e-17
1.805308101172502135e-17
1.783617479201773038e-17
1.762113506024571335e-17
1.740795170942644483e-17
1.719661466173511595e-17
1.698711386842738455e-17
1.677943930976226711e-17
1.657358099492524951e-17
1.636952896195162878e-17
1.616727327765003678e-17
1.596680403752615488e-17
1.576811136570668441e-17
1.557118541486343111e-17
1.537601636613769159e-17
1.518259442906477229e-17
1.499090984149872103e-17
1.480095286953728975e-17
1.461271380744705428e-17
1.442618297758878076e-17
1.424135073034292758e-17
1.405820744403542465e-17
1.387674352486356822e-17
1.369694940682218078e-17
1.351881555162992492e-17
1.334233244865583453e-17
1.316749061484603241e-17
1.299428059465066196e-17
1.282269295995094076e-17
1.265271830998653442e-17
1.248434727128301688e-17
1.231757049757956327e-17
1.215237866975682925e-17
1.198876249576503212e-17
1.182671271055222307e-17
1.166622007599271959e-17
1.150727538081577831e-17
1.134986944053441411e-17
1.119399309737442736e-17
1.103963722020364210e-17
1.088679270446126146e-17
1.073545047208750954e-17
1.058560147145337657e-17
1.043723667729059213e-17
1.029034709062177702e-17
1.014492373869078163e-17
1.000095767489321072e-17
9.858439978707120741e-18
9.717361755623920541e-18
9.577714137079443130e-18
9.439488280385202288e-18
9.302675368659827923e-18
9.167266610760701722e-18
9.033253241215762281e-18
8.900626520155485884e-18
8.769377733245044462e-18
8.639498191616674639e-18
8.510979231802194689e-18
8.383812215665706376e-18
8.257988530336489397e-18
8.133499588142060676e-18
8.010336826541424714e-18
7.888491708058488802e-18
7.767955720215658491e-18
7.648720375467611798e-18
7.530777211135247515e-18
7.414117789339819939e-18
7.298733696937232314e-18
7.184616545452504359e-18
7.071757971014438569e-18
6.960149634290429794e-18
6.849783220421462020e-18
6.740650438957289277e-18
6.632743023791768298e-18
6.526052733098368370e-18
6.420571349265860687e-18
6.316290678834179483e-18
6.213202552430438794e-18
6.111298824705131785e-18
6.010571374268497259e-18
5.911012103627057183e-18
5.812612939120315991e-18
5.715365830857634767e-18
5.619262752655267198e-18
5.524295701973571949e-18
5.430456699854382194e-18
5.337737790858549243e-18
5.246131043003644106e-18
5.155628547701834695e-18
5.066222419697914791e-18
4.977904797007517127e-18
4.890667840855465147e-18
4.804503735614311184e-18
4.719404688743029488e-18
4.635362930725867954e-18
4.552370715011367011e-18
4.470420317951540301e-18
4.389504038741216357e-18
4.309614199357541290e-18
4.230743144499641719e-18
4.152883241528447160e-18
4.076026880406676511e-18
4.000166473638980148e-18
3.925294456212243032e-18
3.851403285536038031e-18
3.778485441383256441e-18
3.706533425830871768e-18
3.635539763200886094e-18
3.565497000001412033e-18
3.496397704867918765e-18
3.428234468504644479e-18
3.360999903626144789e-18
3.294686644899011773e-18
3.229287348883742099e-18
3.164794693976760363e-18
3.101201380352594590e-18
3.038500129906207335e-18
2.976683686195481261e-18
2.915744814383854151e-18
2.855676301183104931e-18
2.796470954796299143e-18
2.738121604860879646e-18
2.680621102391905223e-18
2.623962319725452118e-18
2.568138150462153480e-18
2.513141509410894412e-18
2.458965332532655706e-18
2.405602576884505489e-18
2.353046220563741864e-18
2.301289262652182689e-18
2.250324723160603266e-18
2.200145642973318095e-18
2.150745083792918241e-18
2.102116128085145824e-18
2.054251879023921043e-18
2.007145460436513269e-18
1.960790016748856566e-18
1.915178712931012372e-18
1.870304734442775451e-18
1.826161287179425073e-18
1.782741597417619865e-18
1.740038911761434792e-18
1.698046497088545090e-18
1.656757640496548481e-18
1.616165649249433180e-18
1.576263850724187647e-18
1.537045592357548050e-18
1.498504241592893826e-18
1.460633185827277485e-18
1.423425832358599813e-18
1.386875608332923750e-18
1.350975960691925202e-18
1.315720356120488287e-18
1.281102280994436182e-18
1.247115241328400240e-18
1.213752762723831244e-18
1.181008390317145477e-18
1.148875688728005994e-18
1.117348242007747949e-18
1.086419653587935082e-18
1.056083546229053328e-18
1.026333561969344445e-18
9.971633620737707990e-19
9.685666269831166899e-19
9.405370562632264268e-19
9.130683685543752879e-19
8.861543015207758748e-19
8.597886118002173549e-19
8.339650749538395204e-19
8.086774854160379052e-19
7.839196564445050667e-19
7.596854200704010958e-19
7.359686270486581729e-19
7.127631468084169537e-19
6.900628674035925688e-19
6.678616954635738998e-19
6.461535561440528534e-19
6.249323930779833487e-19
6.041921683266707852e-19
5.839268623309917041e-19
5.641304738627421977e-19
5.447970199761155493e-19
5.259205359593080429e-19
5.074950752862540034e-19
4.895147095684877555e-19
4.719735285071347161e-19
4.548656398450276721e-19
4.381851693189517103e-19
4.219262606120152960e-19
4.060830753061471147e-19
3.906497928347195914e-19
3.756206104352972108e-19
3.609897431025108410e-19
3.467514235410564729e-19
3.328999021188188071e-19
3.194294468201192083e-19
3.063343431990868230e-19
2.936088943331544973e-19
2.812474207766768463e-19
2.692442605146718252e-19
2.575937689166849319e-19
2.462903186907755155e-19
2.353282998376248509e-19
2.247021196047663649e-19
2.144062024409364749e-19
2.044349899505471696e-19
1.947829408482783346e-19
1.854445309137917007e-19
1.764142529465630918e-19
1.676866167208358389e-19
1.592561489406929026e-19
1.511173931952480428e-19
1.432649099139559141e-19
1.356932763220404620e-19
1.283970863960412577e-19
1.213709508194779649e-19
1.146094969386320717e-19
1.081073687184456947e-19
1.018592266985374561e-19
9.585974794933460175e-20
9.010362602832156700e-20
8.458557093640432600e-20
7.930030907439050190e-20
7.424258319958444300e-20
6.940715238249758981e-20
6.478879196367348312e-20
6.038229351062684726e-20
5.618246477489715797e-20
5.218412964921561731e-20
4.838212812478577663e-20
4.477131624867723556e-20
4.134656608133221870e-20
3.810276565418467464e-20
3.503481892739164474e-20
3.213764574767659459e-20
2.940618180628431704e-20
2.683537859704725628e-20
2.442020337456287983e-20
2.215563911248180654e-20
2.003668446190635364e-20
1.805835370989927995e-20
1.621567673810243361e-20
1.450369898146491600e-20
1.291748138708057064e-20
1.145210037313448596e-20
1.010264778795815190e-20
8.864230869193061563e-21
7.731972203062435718e-21
6.701009683750796367e-21
5.766496472891056126e-21
4.923600959158900694e-21
4.167506717974132667e-21
3.493412471308711867e-21
2.896532047601198032e-21
2.372094341777319397e-21
1.915343275376382786e-21
1.521537756783231242e-21
1.185951641565486651e-21
9.038736929157843168e-22
6.706075421987218947e-22
4.814716496022429056e-22
3.317992648931799152e-22
2.169383882766755361e-22
1.322517313592059535e-22
7.311667821493079283e-23
