8.179485731157437600e-02
8.179474346818792208e-02
8.179446876949429679e-02
8.179401302967399812e-02
8.179337537412395553e-02
8.179255565697046704e-02
8.179155384302055909e-02
8.179036992583488264e-02
8.178900390956521382e-02
8.178745580357103806e-02
8.178572562048720684e-02
8.178381337542862950e-02
8.178171908562682779e-02
8.177944277024987163e-02
8.177698445030703867e-02
8.177434414859510725e-02
8.177152188966715918e-02
8.176851769981290097e-02
8.176533160704664571e-02
8.176196364109887538e-02
8.175841383341050927e-02
8.175468221712905992e-02
8.175076882710531623e-02
8.174667369989106758e-02
8.174239687373709151e-02
8.173793838859151617e-02
8.173329828609840475e-02
8.172847660959631222e-02
8.172347340411703631e-02
8.171828871638456282e-02
8.171292259481374720e-02
8.170737508950907946e-02
8.170164625226390698e-02
8.169573613655881084e-02
8.168964479756064823e-02
8.168337229212140060e-02
8.167691867877688305e-02
8.167028401774549529e-02
8.166346837092706978e-02
8.165647180190140075e-02
8.164929437592703676e-02
8.164193615993993458e-02
8.163439722255205755e-02
8.162667763404994614e-02
8.161877746639328857e-02
8.161069679321347747e-02
8.160243568981197237e-02
8.159399423315900901e-02
8.158537250189176748e-02
8.157657057631285957e-02
8.156758853838882994e-02
8.155842647174821325e-02
8.154908446168010472e-02
8.153956259513218952e-02
8.152986096070920230e-02
8.151997964867087332e-02
8.150991875093033245e-02
8.149967836105209695e-02
8.148925857425019792e-02
8.147865948738632069e-02
8.146788119896765379e-02
8.145692380914511255e-02
8.144578741971122970e-02
8.143447213409803209e-02
8.142297805737487570e-02
8.141130529624668322e-02
8.139945395905127945e-02
8.138742415575762890e-02
8.137521599796322669e-02
8.136282959889228061e-02
8.135026507339296331e-02
8.133752253793546938e-02
8.132460211060940636e-02
8.131150391112154652e-02
8.129822806079337050e-02
8.128477468255862481e-02
8.127114390096079610e-02
8.125733584215064087e-02
8.124335063388370137e-02
8.122918840551759945e-02
8.121484928800952463e-02
8.120033341391362514e-02
8.118564091737817678e-02
8.117077193414305725e-02
8.115572660153699824e-02
8.114050505847471284e-02
8.112510744545416153e-02
8.110953390455381828e-02
8.109378457942968688e-02
8.107785961531244201e-02
8.106175915900462603e-02
8.104548335887755417e-02
8.102903236486841410e-02
8.101240632847733769e-02
8.099560540276419529e-02
8.097862974234570910e-02
8.096147950339220578e-02
8.094415484362461888e-02
8.092665592231128302e-02
8.090898290026470041e-02
8.089113593983848771e-02
8.087311520492390660e-02
8.085492086094678288e-02
8.083655307486418973e-02
8.081801201516104760e-02
8.079929785184676583e-02
8.078041075645189806e-02
8.076135090202483935e-02
8.074211846312810692e-02
8.072271361583514826e-02
8.070313653772673290e-02
8.068338740788731644e-02
8.066346640690176539e-02
8.064337371685148526e-02
8.062310952131099273e-02
8.060267400534421034e-02
8.058206735550084432e-02
8.056128975981263762e-02
8.054034140778967843e-02
8.051922249041668089e-02
8.049793320014922426e-02
8.047647373090989487e-02
8.045484427808446970e-02
8.043304503851814169e-02
8.041107621051155063e-02
8.038893799381695293e-02
8.036663058963421091e-02
8.034415420060690705e-02
8.032150903081837490e-02
8.029869528578757742e-02
8.027571317246529059e-02
8.025256289922973185e-02
8.022924467588277153e-02
8.020575871364568621e-02
8.018210522515503702e-02
8.015828442445849245e-02
8.013429652701076211e-02
8.011014174966915591e-02
8.008582031068965656e-02
8.006133242972239550e-02
8.003667832780753111e-02
8.001185822737083564e-02
7.998687235221951797e-02
7.996172092753768557e-02
7.993640417988209790e-02
7.991092233717775328e-02
7.988527562871340637e-02
7.985946428513715500e-02
7.983348853845202708e-02
7.980734862201141477e-02
7.978104477051455035e-02
7.975457722000207916e-02
7.972794620785131348e-02
7.970115197277186092e-02
7.967419475480093383e-02
7.964707479529857526e-02
7.961979233694331526e-02
7.959234762372725813e-02
7.956474090095147500e-02
7.953697241522128536e-02
7.950904241444152476e-02
7.948095114781179860e-02
7.945269886582172203e-02
7.942428582024611827e-02
7.939571226414007810e-02
7.936697845183442179e-02
7.933808463893048113e-02
7.930903108229546417e-02
7.927981804005751476e-02
7.925044577160075820e-02
7.922091453756038848e-02
7.919122459981765838e-02
7.916137622149496678e-02
7.913136966695093200e-02
7.910120520177520154e-02
7.907088309278353933e-02
7.904040360801278808e-02
7.900976701671570679e-02
7.897897358935601630e-02
7.894802359760309807e-02
7.891691731432715073e-02
7.888565501359376397e-02
7.885423697065892246e-02
7.882266346196384332e-02
7.879093476512966099e-02
7.875905115895234787e-02
7.872701292339738532e-02
7.869482033959462886e-02
7.866247368983285415e-02
7.862997325755471945e-02
7.859731932735136706e-02
7.856451218495699718e-02
7.853155211724374696e-02
7.849843941221625043e-02
7.846517435900618453e-02
7.843175724786709269e-02
7.839818837016888919e-02
7.836446801839239140e-02
7.833059648612403225e-02
7.829657406805036468e-02
7.826240105995260765e-02
7.822807775870117830e-02
7.819360446225027961e-02
7.815898146963229376e-02
7.812420908095238370e-02
7.808928759738292813e-02
7.805421732115803979e-02
7.801899855556784780e-02
7.798363160495322410e-02
7.794811677469994093e-02
7.791245437123324458e-02
7.787664470201217937e-02
7.784068807552410596e-02
7.780458480127884491e-02
7.776833518980327820e-02
7.773193955263557609e-02
7.769539820231953497e-02
7.765871145239898465e-02
7.762187961741204290e-02
7.758490301288539781e-02
7.754778195532867346e-02
7.751051676222869835e-02
7.747310775204375999e-02
7.743555524419781788e-02
7.739785955907489690e-02
7.736002101801311981e-02
7.732203994329915619e-02
7.728391665816228273e-02
7.724565148676874882e-02
7.720724475421578137e-02
7.716869678652595044e-02
7.713000791064124340e-02
7.709117845441726402e-02
7.705220874661752872e-02
7.701309911690734644e-02
7.697384989584825365e-02
7.693446141489190815e-02
7.689493400637449627e-02
7.685526800351052956e-02
7.681546374038721037e-02
7.677552155195850603e-02
7.673544177403908428e-02
7.669522474329855399e-02
7.665487079725558095e-02
7.661438027427183717e-02
7.657375351354607507e-02
7.653299085510840982e-02
7.649209263981404661e-02
7.645105920933757682e-02
7.640989090616699675e-02
7.636858807359755974e-02
7.632715105572610015e-02
7.628558019744477448e-02
7.624387584443527432e-02
7.620203834316274794e-02
7.616006804086990212e-02
7.611796528557089603e-02
7.607573042604540148e-02
7.603336381183260773e-02
7.599086579322519852e-02
7.594823672126332914e-02
7.590547694772861731e-02
7.586258682513812024e-02
7.581956670673835330e-02
7.577641694649918380e-02
7.573313789910783578e-02
7.568972991996285316e-02
7.564619336516809067e-02
7.560252859152666316e-02
7.555873595653476993e-02
7.551481581837594936e-02
7.547076853591465351e-02
7.542659446869048878e-02
7.538229397691206812e-02
7.533786742145090476e-02
7.529331516383534761e-02
7.524863756624469713e-02
7.520383499150289086e-02
7.515890780307263319e-02
7.511385636504923358e-02
7.506868104215454196e-02
7.502338219973100908e-02
7.497796020373541370e-02
7.493241542073299233e-02
7.488674821789119418e-02
7.484095896297379702e-02
7.479504802433464827e-02
7.474901577091182248e-02
7.470286257222126525e-02
7.465658879835106176e-02
7.461019481995505298e-02
7.456368100824696532e-02
7.451704773499434609e-02
7.447029537251233233e-02
7.442342429365783607e-02
7.437643487182327151e-02
7.432932748093051822e-02
7.428210249542506471e-02
7.423476029026969403e-02
7.418730124093859957e-02
7.413972572341122336e-02
7.409203411416633023e-02
7.404422679017584608e-02
7.399630412889883491e-02
7.394826650827546199e-02
7.390011430672110970e-02
7.385184790312006309e-02
7.380346767681965348e-02
7.375497400762419387e-02
7.370636727578895597e-02
7.365764786201417502e-02
7.360881614743892964e-02
7.355987251363525770e-02
7.351081734260207778e-02
7.346165101675916631e-02
7.341237391894120390e-02
7.336298643239176631e-02
7.331348894075721823e-02
7.326388182808102334e-02
7.321416547879737446e-02
7.316434027772551751e-02
7.311440661006364528e-02
7.306436486138292996e-02
7.301421541762165290e-02
7.296395866507909833e-02
7.291359499040976633e-02
7.286312478061726661e-02
7.281254842304853148e-02
7.276186630538779287e-02
7.271107881565073983e-02
7.266018634217843997e-02
7.260918927363158026e-02
7.255808799898461059e-02
7.250688290751954035e-02
7.245557438882042900e-02
7.240416283276727982e-02
7.235264862953019738e-02
7.230103216956347556e-02
7.224931384359996323e-02
7.219749404264490245e-02
7.214557315797019699e-02
7.209355158110873629e-02
7.204142970384834477e-02
7.198920791822603638e-02
7.193688661652225536e-02
7.188446619125499204e-02
7.183194703517405133e-02
7.177932954125522402e-02
7.172661410269451365e-02
7.167380111290241884e-02
7.162089096549806300e-02
7.156788405430360156e-02
7.151478077333832395e-02
7.146158151681300530e-02
7.140828667912421657e-02
7.135489665484849586e-02
7.130141183873679733e-02
7.124783262570862086e-02
7.119415941084655808e-02
7.114039258939035271e-02
7.108653255673152982e-02
7.103257970840745616e-02
7.097853444009592783e-02
7.092439714760941094e-02
7.087016822688951834e-02
7.081584807400125026e-02
7.076143708512759589e-02
7.070693565656378798e-02
7.065234418471187661e-02
7.059766306607492825e-02
7.054289269725182165e-02
7.048803347493133586e-02
7.043308579588693219e-02
7.037805005697100880e-02
7.032292665510958551e-02
7.026771598729668333e-02
7.021241845058889819e-02
7.015703444209989148e-02
7.010156435899500549e-02
7.004600859848578165e-02
6.999036755782449271e-02
6.993464163429879976e-02
6.987883122522636770e-02
6.982293672794928630e-02
6.976695853982896323e-02
6.971089705824051741e-02
6.965475268056758873e-02
6.959852580419699508e-02
6.954221682651326453e-02
6.948582614489345888e-02
6.942935415670184462e-02
6.937280125928459162e-02
6.931616784996449954e-02
6.925945432603577978e-02
6.920266108475872646e-02
6.914578852335466486e-02
6.908883703900051132e-02
6.903180702882370789e-02
6.897469888989704589e-02
6.891751301923347561e-02
6.886024981378086052e-02
6.880290967041698125e-02
6.874549298594434532e-02
6.868800015708501072e-02
6.863043158047560377e-02
6.857278765266212883e-02
6.851506877009502783e-02
6.845727532912396218e-02
6.839940772599291396e-02
6.834146635683518989e-02
6.828345161766817550e-02
6.822536390438871390e-02
6.816720361276774887e-02
6.810897113844564810e-02
6.805066687692715166e-02
6.799229122357640376e-02
6.793384457361209550e-02
6.787532732210267705e-02
6.781673986396115350e-02
6.775808259394057453e-02
6.769935590662902458e-02
6.764056019644476558e-02
6.758169585763150466e-02
6.752276328425349528e-02
6.746376287019086038e-02
6.740469500913477685e-02
6.734556009458270154e-02
6.728635851983366667e-02
6.722709067798361693e-02
6.716775696192055223e-02
6.710835776432007294e-02
6.704889347764049490e-02
6.698936449411826977e-02
6.692977120576351635e-02
6.687011400435514952e-02
6.681039328143638378e-02
6.675060942831032018e-02
6.669076283603504740e-02
6.663085389541942294e-02
6.657088299701834078e-02
6.651085053112830436e-02
6.645075688778291634e-02
6.639060245674838212e-02
6.633038762751909678e-02
6.627011278931314864e-02
6.620977833106797550e-02
6.614938464143585439e-02
6.608893210877961333e-02
6.602842112116823203e-02
6.596785206637241494e-02
6.590722533186034460e-02
6.584654130479342116e-02
6.578580037202179376e-02
6.572500292008025269e-02
6.566414933518383013e-02
6.560324000322362292e-02
6.554227530976262928e-02
6.548125564003144661e-02
6.542018137892409435e-02
6.535905291099387837e-02
6.529787062044925539e-02
6.523663489114965575e-02
6.517534610660141725e-02
6.511400464995360793e-02
6.505261090399407087e-02
6.499116525114524701e-02
6.492966807346023383e-02
6.486811975261863594e-02
6.480652066992277638e-02
6.474487120629350556e-02
6.468317174226631550e-02
6.462142265798745400e-02
6.455962433320983074e-02
6.449777714728935352e-02
6.443588147918082043e-02
6.437393770743414512e-02
6.431194621019056812e-02
6.424990736517867396e-02
6.418782154971064413e-02
6.412568914067862114e-02
6.406351051455065615e-02
6.400128604736712856e-02
6.393901611473702673e-02
6.387670109183410383e-02
6.381434135339332514e-02
6.375193727370706553e-02
6.368948922662154288e-02
6.362699758553316820e-02
6.356446272338481251e-02
6.350188501266242069e-02
6.343926482539119505e-02
6.337660253313218139e-02
6.331389850697873023e-02
6.325115311755288849e-02
6.318836673500188850e-02
6.312553972899484500e-02
6.306267246871907761e-02
6.299976532287679398e-02
6.293681865968153710e-02
6.287383284685496565e-02
6.281080825162331516e-02
6.274774524071403958e-02
6.268464418035264718e-02
6.262150543625905064e-02
6.255832937364459723e-02
6.249511635720848141e-02
6.243186675113472639e-02
6.236858091908881879e-02
6.230525922421442653e-02
6.224190202913030406e-02
6.217850969592697563e-02
6.211508258616375150e-02
6.205162106086535567e-02
6.198812548051895605e-02
6.192459620507098639e-02
6.186103359392408629e-02
6.179743800593395092e-02
6.173380979940638197e-02
6.167014933209424149e-02
6.160645696119428777e-02
6.154273304334444833e-02
6.147897793462061417e-02
6.141519199053374622e-02
6.135137556602703740e-02
6.128752901547287329e-02
6.122365269267000809e-02
6.115974695084067797e-02
6.109581214262769372e-02
6.103184862009173456e-02
6.096785673470835748e-02
6.090383683736533271e-02
6.083978927835978490e-02
6.077571440739553549e-02
6.071161257358024393e-02
6.064748412542279171e-02
6.058332941083049289e-02
6.051914877710651286e-02
6.045494257094712748e-02
6.039071113843911404e-02
6.032645482505715612e-02
6.026217397566118600e-02
6.019786893449385196e-02
6.013354004517795781e-02
6.006918765071386085e-02
6.000481209347705708e-02
5.994041371521553752e-02
5.987599285704744284e-02
5.981154985945851682e-02
5.974708506229969157e-02
5.968259880478461038e-02
5.961809142548731011e-02
5.955356326233978564e-02
5.948901465262962374e-02
5.942444593299767153e-02
5.935985743943566345e-02
5.929524950728399385e-02
5.923062247122930224e-02
5.916597666530238470e-02
5.910131242287575137e-02
5.903663007666153095e-02
5.897192995870920162e-02
5.890721240040339840e-02
5.884247773246174817e-02
5.877772628493273255e-02
5.871295838719350901e-02
5.864817436794784317e-02
5.858337455522397152e-02
5.851855927637254068e-02
5.845372885806455338e-02
5.838888362628930073e-02
5.832402390635244016e-02
5.825915002287379574e-02
5.819426229978556103e-02
5.812936106033032152e-02
5.806444662705894516e-02
5.799951932182884767e-02
5.793457946580197332e-02
5.786962737944292140e-02
5.780466338251713521e-02
5.773968779408897994e-02
5.767470093251993168e-02
5.760970311546677325e-02
5.754469465987980398e-02
5.747967588200104255e-02
5.741464709736247840e-02
5.734960862078433003e-02
5.728456076637337968e-02
5.721950384752107904e-02
5.715443817690216838e-02
5.708936406647274059e-02
5.702428182746874241e-02
5.695919177040427439e-02
5.689409420507001575e-02
5.682898944053164925e-02
5.676387778512823751e-02
5.669875954647064092e-02
5.663363503144016459e-02
5.656850454618675417e-02
5.650336839612773998e-02
5.643822688594622022e-02
5.637308031958961768e-02
5.630792900026827807e-02
5.624277323045397126e-02
5.617761331187855200e-02
5.611244954553248898e-02
5.604728223166358103e-02
5.598211166977549308e-02
5.591693815862649325e-02
5.585176199622811366e-02
5.578658347984381122e-02
5.572140290598776025e-02
5.565622057042343002e-02
5.559103676816250228e-02
5.552585179346354594e-02
5.546066593983080273e-02
5.539547950001302151e-02
5.533029276600222313e-02
5.526510602903259017e-02
5.519991957957927353e-02
5.513473370735727519e-02
5.506954870132035884e-02
5.500436484965990497e-02
5.493918243980387001e-02
5.487400175841572469e-02
5.480882309139339242e-02
5.474364672386816677e-02
5.467847294020377474e-02
5.461330202399545392e-02
5.454813425806871036e-02
5.448296992447869413e-02
5.441780930450894338e-02
5.435265267867069733e-02
5.428750032670182774e-02
5.422235252756603396e-02
5.415720955945186460e-02
5.409207169977198887e-02
5.402693922516225988e-02
5.396181241148089586e-02
5.389669153380767519e-02
5.383157686644313850e-02
5.376646868290781145e-02
5.370136725594145538e-02
5.363627285750224155e-02
5.357118575876611971e-02
5.350610623012604788e-02
5.344103454119130542e-02
5.337597096078679215e-02
5.331091575695234147e-02
5.324586919694218601e-02
5.318083154722409722e-02
5.311580307347898294e-02
5.305078404060016573e-02
5.298577471269280692e-02
5.292077535307333769e-02
5.285578622426892470e-02
5.279080758801690115e-02
5.272583970526419778e-02
5.266088283616690569e-02
5.259593724008974208e-02
5.253100317560550209e-02
5.246608090049477424e-02
5.240117067174524662e-02
5.233627274555142928e-02
5.227138737731420320e-02
5.220651482164035545e-02
5.214165533234230154e-02
5.207680916243755814e-02
5.201197656414846549e-02
5.194715778890184738e-02
5.188235308732862955e-02
5.181756270926354824e-02
5.175278690374483098e-02
5.168802591901390520e-02
5.162328000251518306e-02
5.155854940089564520e-02
5.149383436000478514e-02
5.142913512489418609e-02
5.136445193981750007e-02
5.129978504823002466e-02
5.123513469278870996e-02
5.117050111535182549e-02
5.110588455697891858e-02
5.104128525793055760e-02
5.097670345766828343e-02
5.091213939485445678e-02
5.084759330735207083e-02
5.078306543222478597e-02
5.071855600573679790e-02
5.065406526335271276e-02
5.058959343973760264e-02
5.052514076875681825e-02
5.046070748347611379e-02
5.039629381616152204e-02
5.033189999827939604e-02
5.026752626049646455e-02
5.020317283267972802e-02
5.013883994389662507e-02
5.007452782241505335e-02
5.001023669570337643e-02
4.994596679043053489e-02
4.988171833246619891e-02
4.981749154688075443e-02
4.975328665794547661e-02
4.968910388913268944e-02
4.962494346311586285e-02
4.956080560176972377e-02
4.949669052617056836e-02
4.943259845659623425e-02
4.936852961252646832e-02
4.930448421264303771e-02
4.924046247483000044e-02
4.917646461617382336e-02
4.911249085296374300e-02
4.904854140069195290e-02
4.898461647405390196e-02
4.892071628694850960e-02
4.885684105247851960e-02
4.879299098295074300e-02
4.872916628987641191e-02
4.866536718397147798e-02
4.860159387515689683e-02
4.853784657255912766e-02
4.847412548451028591e-02
4.841043081854866370e-02
4.834676278141902123e-02
4.828312157907306557e-02
4.821950741666972823e-02
4.815592049857571333e-02
4.809236102836576821e-02
4.802882920882331486e-02
4.796532524194069280e-02
4.790184932891974195e-02
4.783840167017223283e-02
4.777498246532037307e-02
4.771159191319721687e-02
4.764823021184726171e-02
4.758489755852690628e-02
4.752159414970499179e-02
4.745832018106328071e-02
4.739507584749711594e-02
4.733186134311582333e-02
4.726867686124338469e-02
4.720552259441899989e-02
4.714239873439756562e-02
4.707930547215045253e-02
4.701624299786591465e-02
4.695321150094988044e-02
4.689021117002637601e-02
4.682724219293839252e-02
4.676430475674834414e-02
4.670139904773876888e-02
4.663852525141305022e-02
4.657568355249606246e-02
4.651287413493473272e-02
4.645009718189897774e-02
4.638735287578218264e-02
4.632464139820198501e-02
4.626196293000104515e-02
4.619931765124772605e-02
4.613670574123680812e-02
4.607412737849029410e-02
4.601158274075814458e-02
4.594907200501904820e-02
4.588659534748112251e-02
4.582415294358285068e-02
4.576174496799371993e-02
4.569937159461515130e-02
4.563703299658120049e-02
4.557472934625941136e-02
4.551246081525173182e-02
4.545022757439520777e-02
4.538802979376290597e-02
4.532586764266478135e-02
4.526374128964850974e-02
4.520165090250036904e-02
4.513959664824608586e-02
4.507757869315176524e-02
4.501559720272479276e-02
4.495365234171468799e-02
4.489174427411402046e-02
4.482987316315941578e-02
4.476803917133235361e-02
4.470624246036020849e-02
4.464448319121713110e-02
4.458276152412502663e-02
4.452107761855450541e-02
4.445943163322586822e-02
4.439782372611002226e-02
4.433625405442952194e-02
4.427472277465955425e-02
4.421323004252891709e-02
4.415177601302097687e-02
4.409036084037478570e-02
4.402898467808601113e-02
4.396764767890801173e-02
4.390634999485283629e-02
4.384509177719228545e-02
4.378387317645895255e-02
4.372269434244723668e-02
4.366155542421452235e-02
4.360045657008208841e-02
4.353939792763632244e-02
4.347837964372970598e-02
4.341740186448193178e-02
4.335646473528104866e-02
4.329556840078446073e-02
4.323471300492015557e-02
4.317389869088770343e-02
4.311312560115945769e-02
4.305239387748169277e-02
4.299170366087561035e-02
4.293105509163865074e-02
4.287044830934552686e-02
4.280988345284938990e-02
4.274936066028305753e-02
4.268888006906006866e-02
4.262844181587595316e-02
4.256804603670933523e-02
4.250769286682319625e-02
4.244738244076596417e-02
4.238711489237273478e-02
4.232689035476659700e-02
4.226670896035966685e-02
4.220657084085432942e-02
4.214647612724455733e-02
4.208642494981706950e-02
4.202641743815251768e-02
4.196645372112677713e-02
4.190653392691217477e-02
4.184665818297873124e-02
4.178682661609539606e-02
4.172703935233126188e-02
4.166729651705697313e-02
4.160759823494583620e-02
4.154794462997509624e-02
4.148833582542735959e-02
4.142877194389169015e-02
4.136925310726501104e-02
4.130977943675335357e-02
4.125035105287315484e-02
4.119096807545254840e-02
4.113163062363271727e-02
4.107233881586911522e-02
4.101309276993286845e-02
4.095389260291202455e-02
4.089473843121290558e-02
4.083563037056145428e-02
4.077656853600449688e-02
4.071755304191120722e-02
4.065858400197424477e-02
4.059966152921132970e-02
4.054078573596642948e-02
4.048195673391114663e-02
4.042317463404608568e-02
4.036443954670227569e-02
4.030575158154241222e-02
4.024711084756230767e-02
4.018851745309224427e-02
4.012997150579838274e-02
4.007147311268406675e-02
4.001302238009125933e-02
3.995461941370194447e-02
3.989626431853948024e-02
3.983795719897003512e-02
3.977969815870392029e-02
3.972148730079705370e-02
3.966332472765234790e-02
3.960521054102111860e-02
3.954714484200449326e-02
3.948912773105485441e-02
3.943115930797716495e-02
3.937323967193051555e-02
3.931536892142950546e-02
3.925754715434562336e-02
3.919977446790873926e-02
3.914205095870851997e-02
3.908437672269583080e-02
3.902675185518426210e-02
3.896917645085147541e-02
3.891165060374075779e-02
3.885417440726236793e-02
3.879674795419502109e-02
3.873937133668738791e-02
3.868204464625955158e-02
3.862476797380438864e-02
3.856754140958908172e-02
3.851036504325664606e-02
3.845323896382728257e-02
3.839616325969996691e-02
3.833913801865378862e-02
3.828216332784959569e-02
3.822523927383131293e-02
3.816836594252755177e-02
3.811154341925297728e-02
3.805477178870989713e-02
3.799805113498971182e-02
3.794138154157435799e-02
3.788476309133788356e-02
3.782819586654787708e-02
3.777167994886702213e-02
3.771521541935454053e-02
3.765880235846770507e-02
3.760244084606340076e-02
3.754613096139954725e-02
3.748987278313663934e-02
3.743366638933928736e-02
3.737751185747770211e-02
3.732140926442917978e-02
3.726535868647965627e-02
3.720936019932520600e-02
3.715341387807356149e-02
3.709751979724565385e-02
3.704167803077706989e-02
3.698588865201965503e-02
3.693015173374298438e-02
3.687446734813589616e-02
3.681883556680805303e-02
3.676325646079144083e-02
3.670773010054183272e-02
3.665225655594048920e-02
3.659683589629552508e-02
3.654146819034349153e-02
3.648615350625099285e-02
3.643089191161610202e-02
3.637568347346997050e-02
3.632052825827832010e-02
3.626542633194305976e-02
3.621037775980372880e-02
3.615538260663910680e-02
3.610044093666870541e-02
3.604555281355438512e-02
3.599071830040181941e-02
3.593593745976206982e-02
3.588121035363314726e-02
3.582653704346155932e-02
3.577191759014381606e-02
3.571735205402802593e-02
3.566284049491542235e-02
3.560838297206189718e-02
3.555397954417960360e-02
3.549963026943844802e-02
3.544533520546767902e-02
3.539109440935740009e-02
3.533690793766017940e-02
3.528277584639256947e-02
3.522869819103664063e-02
3.517467502654156308e-02
3.512070640732516819e-02
3.506679238727545417e-02
3.501293301975222372e-02
3.495912835758854809e-02
3.490537845309238385e-02
3.485168335804809253e-02
3.479804312371804348e-02
3.474445780084409185e-02
3.469092743964923009e-02
3.463745208983904506e-02
3.458403180060338339e-02
3.453066662061778092e-02
3.447735659804513492e-02
3.442410178053720293e-02
3.437090221523612932e-02
3.431775794877610364e-02
3.426466902728480396e-02
3.421163549638499279e-02
3.415865740119611305e-02
3.410573478633578681e-02
3.405286769592141827e-02
3.400005617357169940e-02
3.394730026240819903e-02
3.389460000505691017e-02
3.384195544364979741e-02
3.378936661982636508e-02
3.373683357473518385e-02
3.368435634903545889e-02
3.363193498289859806e-02
3.357956951600973156e-02
3.352725998756933556e-02
3.347500643629462702e-02
3.342280890042130526e-02
3.337066741770496059e-02
3.331858202542271885e-02
3.326655276037470549e-02
3.321457965888566233e-02
3.316266275680643943e-02
3.311080208951559106e-02
3.305899769192088833e-02
3.300724959846090129e-02
3.295555784310646996e-02
3.290392245936234195e-02
3.285234348026863649e-02
3.280082093840244045e-02
3.274935486587930711e-02
3.269794529435483821e-02
3.264659225502620360e-02
3.259529577863365390e-02
3.254405589546210259e-02
3.249287263534264558e-02
3.244174602765406007e-02
3.239067610132441433e-02
3.233966288483254570e-02
3.228870640620956634e-02
3.223780669304049384e-02
3.218696377246568069e-02
3.213617767118241014e-02
3.208544841544638121e-02
3.203477603107325600e-02
3.198416054344016546e-02
3.193360197748727064e-02
3.188310035771926843e-02
3.183265570820686952e-02
3.178226805258841520e-02
3.173193741407127205e-02
3.168166381543349036e-02
3.163144727902517106e-02
3.158128782677012414e-02
3.153118548016726336e-02
3.148114026029220219e-02
3.143115218779871795e-02
3.138122128292025748e-02
3.133134756547149846e-02
3.128153105484979962e-02
3.123177177003673075e-02
3.118206972959956455e-02
3.113242495169278590e-02
3.108283745405959059e-02
3.103330725403339804e-02
3.098383436853933276e-02
3.093441881409568842e-02
3.088506060681550300e-02
3.083575976240793964e-02
3.078651629617993116e-02
3.073733022303750534e-02
3.068820155748736705e-02
3.063913031363835193e-02
3.059011650520293210e-02
3.054116014549869765e-02
3.049226124744978256e-02
3.044341982358843290e-02
3.039463588605637728e-02
3.034590944660641929e-02
3.029724051660380793e-02
3.024862910702778851e-02
3.020007522847299036e-02
3.015157889115097425e-02
3.010314010489163750e-02
3.005475887914470581e-02
3.000643522298120092e-02
2.995816914509486992e-02
2.990996065380368760e-02
2.986180975705124072e-02
2.981371646240828580e-02
2.976568077707410567e-02
2.971770270787798401e-02
2.966978226128069718e-02
2.962191944337590546e-02
2.957411425989161721e-02
2.952636671619162864e-02
2.947867681727697406e-02
2.943104456778735528e-02
2.938346997200255717e-02
2.933595303384389091e-02
2.928849375687566509e-02
2.924109214430655607e-02
2.919374819899104787e-02
2.914646192343089276e-02
2.909923331977649213e-02
2.905206238982832243e-02
2.900494913503837147e-02
2.895789355651155056e-02
2.891089565500707878e-02
2.886395543093993668e-02
2.881707288438222631e-02
2.877024801506464224e-02
2.872348082237779002e-02
2.867677130537366406e-02
2.863011946276700082e-02
2.858352529293670813e-02
2.853698879392723223e-02
2.849050996344995590e-02
2.844408879888459321e-02
2.839772529728058076e-02
2.835141945535845850e-02
2.830517126951125062e-02
2.825898073580583938e-02
2.821284784998437031e-02
2.816677260746556014e-02
2.812075500334618172e-02
2.807479503240232002e-02
2.802889268909079107e-02
2.798304796755054363e-02
2.793726086160393945e-02
2.789153136475816530e-02
2.784585947020660340e-02
2.780024517083015331e-02
2.775468845919859887e-02
2.770918932757195086e-02
2.766374776790181053e-02
2.761836377183269145e-02
2.757303733070340032e-02
2.752776843554832417e-02
2.748255707709881118e-02
2.743740324578447520e-02
2.739230693173456965e-02
2.734726812477927468e-02
2.730228681445103639e-02
2.725736298998589907e-02
2.721249664032481669e-02
2.716768775411498860e-02
2.712293631971115018e-02
2.707824232517693636e-02
2.703360575828610279e-02
2.698902660652393801e-02
2.694450485708850193e-02
2.690004049689193738e-02
2.685563351256177456e-02
2.681128389044229801e-02
2.676699161659569851e-02
2.672275667680347813e-02
2.667857905656771667e-02
2.663445874111235179e-02
2.659039571538441768e-02
2.654638996405542933e-02
2.650244147152254828e-02
2.645855022190993916e-02
2.641471619907002563e-02
2.637093938658470818e-02
2.632721976776670678e-02
2.628355732566079253e-02
2.623995204304501588e-02
2.619640390243204234e-02
2.615291288607032860e-02
2.610947897594543057e-02
2.606610215378124540e-02
2.602278240104122925e-02
2.597951969892968796e-02
2.593631402839297745e-02
2.589316537012074926e-02
2.585007370454723771e-02
2.580703901185241178e-02
2.576406127196329346e-02
2.572114046455509229e-02
2.567827656905251679e-02
2.563546956463095411e-02
2.559271943021767734e-02
2.555002614449310844e-02
2.550738968589199435e-02
2.546481003260460743e-02
2.542228716257800142e-02
2.537982105351716672e-02
2.533741168288627943e-02
2.529505902790984279e-02
2.525276306557395350e-02
2.521052377262745364e-02
2.516834112558309980e-02
2.512621510071880865e-02
2.508414567407877757e-02
2.504213282147474753e-02
2.500017651848710637e-02
2.495827674046607533e-02
2.491643346253294422e-02
2.487464665958116425e-02
2.483291630627757970e-02
2.479124237706353123e-02
2.474962484615606667e-02
2.470806368754907903e-02
2.466655887501447222e-02
2.462511038210328865e-02
2.458371818214688878e-02
2.454238224825807529e-02
2.450110255333226572e-02
2.445987907004860268e-02
2.441871177087110920e-02
2.437760062804981975e-02
2.433654561362190785e-02
2.429554669941282399e-02
2.425460385703739896e-02
2.421371705790103038e-02
2.417288627320071659e-02
2.413211147392623629e-02
2.409139263086121016e-02
2.405072971458428396e-02
2.401012269547016936e-02
2.396957154369080620e-02
2.392907622921640332e-02
2.388863672181659042e-02
2.384825299106149710e-02
2.380792500632281788e-02
2.376765273677495724e-02
2.372743615139608422e-02
2.368727521896921845e-02
2.364716990808331948e-02
2.360712018713433807e-02
2.356712602432635417e-02
2.352718738767257262e-02
2.348730424499646460e-02
2.344747656393277382e-02
2.340770431192861281e-02
2.336798745624453846e-02
2.332832596395556513e-02
2.328871980195224359e-02
2.324916893694174355e-02
2.320967333544884589e-02
2.317023296381700778e-02
2.313084778820943474e-02
2.309151777461008678e-02
2.305224288882472272e-02
2.301302309648195835e-02
2.297385836303426215e-02
2.293474865375899618e-02
2.289569393375946726e-02
2.285669416796586376e-02
2.281774932113642476e-02
2.277885935785829361e-02
2.274002424254866275e-02
2.270124393945567240e-02
2.266251841265951028e-02
2.262384762607336924e-02
2.258523154344445685e-02
2.254667012835496684e-02
2.250816334422313381e-02
2.246971115430418386e-02
2.243131352169133730e-02
2.239297040931675573e-02
2.235468177995263497e-02
2.231644759621202734e-02
2.227826782054994834e-02
2.224014241526429958e-02
2.220207134249684022e-02
2.216405456423415840e-02
2.212609204230866350e-02
2.208818373839948473e-02
2.205032961403349118e-02
2.201252963058624237e-02
2.197478374928291123e-02
2.193709193119926584e-02
2.189945413726258200e-02
2.186187032825263193e-02
2.182434046480258988e-02
2.178686450739999309e-02
2.174944241638765430e-02
2.171207415196464013e-02
2.167475967418714192e-02
2.163749894296943671e-02
2.160029191808485183e-02
2.156313855916656627e-02
2.152603882570867239e-02
2.148899267706700159e-02
2.145200007246004723e-02
2.141506097096989095e-02
2.137817533154312208e-02
2.134134311299170500e-02
2.130456427399390895e-02
2.126783877309521009e-02
2.123116656870914498e-02
2.119454761911825427e-02
2.115798188247494660e-02
2.112146931680237635e-02
2.108500987999535614e-02
2.104860352982119640e-02
2.101225022392062478e-02
2.097594991980864312e-02
2.093970257487538789e-02
2.090350814638702176e-02
2.086736659148658024e-02
2.083127786719485286e-02
2.079524193041122279e-02
2.075925873791454809e-02
2.072332824636400131e-02
2.068745041229990214e-02
2.065162519214462297e-02
2.061585254220337296e-02
2.058013241866509316e-02
2.054446477760325102e-02
2.050884957497672162e-02
2.047328676663057873e-02
2.043777630829694478e-02
2.040231815559585132e-02
2.036691226403601271e-02
2.033155858901569690e-02
2.029625708582348531e-02
2.026100770963917483e-02
2.022581041553450990e-02
2.019066515847405680e-02
2.015557189331596347e-02
2.012053057481281299e-02
2.008554115761237643e-02
2.005060359625847333e-02
2.001571784519171060e-02
1.998088385875031528e-02
1.994610159117092205e-02
1.991137099658934692e-02
1.987669202904139565e-02
1.984206464246362350e-02
1.980748879069413326e-02
1.977296442747335931e-02
1.973849150644483089e-02
1.970406998115594235e-02
1.966969980505873031e-02
1.963538093151065422e-02
1.960111331377532504e-02
1.956689690502330312e-02
1.953273165833285113e-02
1.949861752669066611e-02
1.946455446299266354e-02
1.943054242004471632e-02
1.939658135056338689e-02
1.936267120717670778e-02
1.932881194242489983e-02
1.929500350876110076e-02
1.926124585855214233e-02
1.922753894407925462e-02
1.919388271753879466e-02
1.916027713104300270e-02
1.912672213662069964e-02
1.909321768621804333e-02
1.905976373169921204e-02
1.902636022484715389e-02
1.899300711736428074e-02
1.895970436087320021e-02
1.892645190691742696e-02
1.889324970696205572e-02
1.886009771239451419e-02
1.882699587452524304e-02
1.879394414458838286e-02
1.876094247374250970e-02
1.872799081307126995e-02
1.869508911358414363e-02
1.866223732621708972e-02
1.862943540183322616e-02
1.859668329122354802e-02
1.856398094510757282e-02
1.853132831413408302e-02
1.849872534888169148e-02
1.846617199985962909e-02
1.843366821750835535e-02
1.840121395220023492e-02
1.836880915424021418e-02
1.833645377386648387e-02
1.830414776125111401e-02
1.827189106650077208e-02
1.823968363965730588e-02
1.820752543069844784e-02
1.817541638953844643e-02
1.814335646602871499e-02
1.811134560995849088e-02
1.807938377105544961e-02
1.804747089898637094e-02
1.801560694335778423e-02
1.798379185371656863e-02
1.795202557955061923e-02
1.792030807028945766e-02
1.788863927530487397e-02
1.785701914391153028e-02
1.782544762536762695e-02
1.779392466887546806e-02
1.776245022358212411e-02
1.773102423858002180e-02
1.769964666290756855e-02
1.766831744554975964e-02
1.763703653543877495e-02
1.760580388145462083e-02
1.757461943242568866e-02
1.754348313712938978e-02
1.751239494429272098e-02
1.748135480259290289e-02
1.745036266065793512e-02
1.741941846706720684e-02
1.738852217035207273e-02
1.735767371899646014e-02
1.732687306143744499e-02
1.729612014606579304e-02
1.726541492122661212e-02
1.723475733521988643e-02
1.720414733630102125e-02
1.717358487268149866e-02
1.714306989252935981e-02
1.711260234396981550e-02
1.708218217508581868e-02
1.705180933391860221e-02
1.702148376846824435e-02
1.699120542669424125e-02
1.696097425651605511e-02
1.693079020581365196e-02
1.690065322242807755e-02
1.687056325416198474e-02
1.684052024878018861e-02
1.681052415401021113e-02
1.678057491754282246e-02
1.675067248703257169e-02
1.672081681009834203e-02
1.669100783432386076e-02
1.666124550725825437e-02
1.663152977641656899e-02
1.660186058928027342e-02
1.657223789329783509e-02
1.654266163588521618e-02
1.651313176442638017e-02
1.648364822627383305e-02
1.645421096874912642e-02
1.642481993914338134e-02
1.639547508471779144e-02
1.636617635270414331e-02
1.633692369030530916e-02
1.630771704469576727e-02
1.627855636302209461e-02
1.624944159240345951e-02
1.622037267993215251e-02
1.619134957267404779e-02
1.616237221766910967e-02
1.613344056193188533e-02
1.610455455245200437e-02
1.607571413619465414e-02
1.604691926010106892e-02
1.601816987108899137e-02
1.598946591605320336e-02
1.596080734186597350e-02
1.593219409537750819e-02
1.590362612341648940e-02
1.587510337279049444e-02
1.584662579028647475e-02
1.581819332267125899e-02
1.578980591669197631e-02
1.576146351907653856e-02
1.573316607653410873e-02
1.570491353575555193e-02
1.567670584341388298e-02
1.564854294616474864e-02
1.562042479064686303e-02
1.559235132348245519e-02
1.556432249127773400e-02
1.553633824062332011e-02
1.550839851809469871e-02
1.548050327025267230e-02
1.545265244364377871e-02
1.542484598480074395e-02
1.539708384024293143e-02
1.536936595647674618e-02
1.534169227999610148e-02
1.531406275728282133e-02
1.528647733480708454e-02
1.525893595902785838e-02
1.523143857639330627e-02
1.520398513334121279e-02
1.517657557629942602e-02
1.514920985168624439e-02
1.512188790591085900e-02
1.509460968537376484e-02
1.506737513646715272e-02
1.504018420557535346e-02
1.501303683907521599e-02
1.498593298333653588e-02
1.495887258472244907e-02
1.493185558958983958e-02
1.490488194428974886e-02
1.487795159516774358e-02
1.485106448856435973e-02
1.482422057081546514e-02
1.479741978825265154e-02
1.477066208720365439e-02
1.474394741399271715e-02
1.471727571494098157e-02
1.469064693636688498e-02
1.466406102458654367e-02
1.463751792591411714e-02
1.461101758666220711e-02
1.458455995314223222e-02
1.455814497166479926e-02
1.453177258854007961e-02
1.450544275007819260e-02
1.447915540258955247e-02
1.445291049238526561e-02
1.442670796577747751e-02
1.440054776907974572e-02
1.437442984860740937e-02
1.434835415067793954e-02
1.432232062161131053e-02
1.429632920773033118e-02
1.427037985536105426e-02
1.424447251083308351e-02
1.421860712047993622e-02
1.419278363063940750e-02
1.416700198765391550e-02
1.414126213787083100e-02
1.411556402764286254e-02
1.408990760332834435e-02
1.406429281129164405e-02
1.403871959790344189e-02
1.401318790954110376e-02
1.398769769258902292e-02
1.396224889343892876e-02
1.393684145849023552e-02
1.391147533415037357e-02
1.388615046683513293e-02
1.386086680296895815e-02
1.383562428898530393e-02
1.381042287132695084e-02
1.378526249644632627e-02
1.376014311080582704e-02
1.373506466087814036e-02
1.371002709314656474e-02
1.368503035410531705e-02
1.366007439025985690e-02
1.363515914812719887e-02
1.361028457423621267e-02
1.358545061512795790e-02
1.356065721735595468e-02
1.353590432748653059e-02
1.351119189209908783e-02
1.348651985778644667e-02
1.346188817115510743e-02
1.343729677882556615e-02
1.341274562743264252e-02
1.338823466362571747e-02
1.336376383406907148e-02
1.333933308544216906e-02
1.331494236443995192e-02
1.329059161777311135e-02
1.326628079216840735e-02
1.324200983436892888e-02
1.321777869113439224e-02
1.319358730924142728e-02
1.316943563548384974e-02
1.314532361667294577e-02
1.312125119963777377e-02
1.309721833122539161e-02
1.307322495830118107e-02
1.304927102774910627e-02
1.302535648647197217e-02
1.300148128139172465e-02
1.297764535944969343e-02
1.295384866760687648e-02
1.293009115284420377e-02
1.290637276216279571e-02
1.288269344258424418e-02
1.285905314115086406e-02
1.283545180492593960e-02
1.281188938099401230e-02
1.278836581646112559e-02
1.276488105845507287e-02
1.274143505412566636e-02
1.271802775064499388e-02
1.269465909520765302e-02
1.267132903503100962e-02
1.264803751735545621e-02
1.262478448944465322e-02
1.260156989858577346e-02
1.257839369208974163e-02
1.255525581729150138e-02
1.253215622155022524e-02
1.250909485224957832e-02
1.248607165679794552e-02
1.246308658262869178e-02
1.244013957720035111e-02
1.241723058799692157e-02
1.239435956252805254e-02
1.237152644832929284e-02
1.234873119296232835e-02
1.232597374401520583e-02
1.230325404910255667e-02
1.228057205586583107e-02
1.225792771197351839e-02
1.223532096512137436e-02
1.221275176303263793e-02
1.219022005345826373e-02
1.216772578417713024e-02
1.214526890299626356e-02
1.212284935775105946e-02
1.210046709630548632e-02
1.207812206655231244e-02
1.205581421641331759e-02
1.203354349383950646e-02
1.201130984681129596e-02
1.198911322333876157e-02
1.196695357146182297e-02
1.194483083925045562e-02
1.192274497480489207e-02
1.190069592625583872e-02
1.187868364176465977e-02
1.185670806952359921e-02
1.183476915775595953e-02
1.181286685471632548e-02
1.179100110869075145e-02
1.176917186799692795e-02
1.174737908098443320e-02
1.172562269603488923e-02
1.170390266156216309e-02
1.168221892601255599e-02
1.166057143786500619e-02
1.163896014563126254e-02
1.161738499785607351e-02
1.159584594311739714e-02
1.157434293002653804e-02
1.155287590722839201e-02
1.153144482340157789e-02
1.151004962725865263e-02
1.148869026754627785e-02
1.146736669304539505e-02
1.144607885257141466e-02
1.142482669497438437e-02
1.140361016913917294e-02
1.138242922398564200e-02
1.136128380846880212e-02
1.134017387157902450e-02
1.131909936234217449e-02
1.129806022981979900e-02
1.127705642310928950e-02
1.125608789134406248e-02
1.123515458369370515e-02
1.121425644936415236e-02
1.119339343759785492e-02
1.117256549767393220e-02
1.115177257890835258e-02
1.113101463065406527e-02
1.111029160230118593e-02
1.108960344327714412e-02
1.106895010304684117e-02
1.104833153111280976e-02
1.102774767701536311e-02
1.100719849033276500e-02
1.098668392068135984e-02
1.096620391771573749e-02
1.094575843112888941e-02
1.092534741065234391e-02
1.090497080605632926e-02
1.088462856714991246e-02
1.086432064378115361e-02
1.084404698583724298e-02
1.082380754324464671e-02
1.080360226596925946e-02
1.078343110401653628e-02
1.076329400743163828e-02
1.074319092629957145e-02
1.072312181074533063e-02
1.070308661093402960e-02
1.068308527707104681e-02
1.066311775940216588e-02
1.064318400821368839e-02
1.062328397383258821e-02
1.060341760662663821e-02
1.058358485700454377e-02
1.056378567541607638e-02
1.054402001235220029e-02
1.052428781834519739e-02
1.050458904396880770e-02
1.048492363983834046e-02
1.046529155661081630e-02
1.044569274498507831e-02
1.042612715570192909e-02
1.040659473954424347e-02
1.038709544733710209e-02
1.036762922994789553e-02
1.034819603828646475e-02
1.032879582330520525e-02
1.030942853599919017e-02
1.029009412740629868e-02
1.027079254860730970e-02
1.025152375072604059e-02
1.023228768492944613e-02
1.021308430242773638e-02
1.019391355447450166e-02
1.017477539236679926e-02
1.015566976744528699e-02
1.013659663109433076e-02
1.011755593474209305e-02
1.009854762986067342e-02
1.007957166796618828e-02
1.006062800061888370e-02
1.004171657942326372e-02
1.002283735602815633e-02
1.000399028212685566e-02
9.985175309457182749e-03
9.966392389801634680e-03
9.947641474987450536e-03
9.928922516886731081e-03
9.910235467416515093e-03
9.891580278538909463e-03
9.872956902261167261e-03
9.854365290635779678e-03
9.835805395760588779e-03
9.817277169778872506e-03
9.798780564879440089e-03
9.780315533296720515e-03
9.761882027310866614e-03
9.743479999247838322e-03
9.725109401479494625e-03
9.706770186423685498e-03
9.688462306544342109e-03
9.670185714351558354e-03
9.651940362401691467e-03
9.633726203297426210e-03
9.615543189687894565e-03
9.597391274268726041e-03
9.579270409782150025e-03
9.561180549017082517e-03
9.543121644809205925e-03
9.525093650041031521e-03
9.507096517642015659e-03
9.489130200588615296e-03
9.471194651904366046e-03
9.453289824659977594e-03
9.435415671973401350e-03
9.417572147009905040e-03
9.399759202982159445e-03
9.381976793150306054e-03
9.364224870822031657e-03
9.346503389352641203e-03
9.328812302145148005e-03
9.311151562650322316e-03
9.293521124366776326e-03
9.275920940841026613e-03
9.258350965667582616e-03
9.240811152489000410e-03
9.223301454995953830e-03
9.205821826927302123e-03
9.188372222070168016e-03
9.170952594259993221e-03
9.153562897380595684e-03
9.136203085364273668e-03
9.118873112191814428e-03
9.101572931892605231e-03
9.084302498544674989e-03
9.067061766274753243e-03
9.049850689258349956e-03
9.032669221719797151e-03
9.015517317932318295e-03
8.998394932218090753e-03
8.981302018948296093e-03
8.964238532543192944e-03
8.947204427472151694e-03
8.930199658253737752e-03
8.913224179455749713e-03
8.896277945695269668e-03
8.879360911638748202e-03
8.862473032002023479e-03
8.845614261550397567e-03
8.828784555098676337e-03
8.811983867511237120e-03
8.795212153702059929e-03
8.778469368634788175e-03
8.761755467322794588e-03
8.745070404829196828e-03
8.728414136266937282e-03
8.711786616798819494e-03
8.695187801637548064e-03
8.678617646045791098e-03
8.662076105336216636e-03
8.645563134871534286e-03
8.629078690064564613e-03
8.612622726378247814e-03
8.596195199325714839e-03
8.579796064470316883e-03
8.563425277425682630e-03
8.547082793855739075e-03
8.530768569474772231e-03
8.514482560047454893e-03
8.498224721388898673e-03
8.481995009364690433e-03
8.465793379890911366e-03
8.449619788934209855e-03
8.433474192511808409e-03
8.417356546691569588e-03
8.401266807592002936e-03
8.385204931382332638e-03
8.369170874282492317e-03
8.353164592563206564e-03
8.337186042545989204e-03
8.321235180603197071e-03
8.305311963158054298e-03
8.289416346684685272e-03
8.273548287708159740e-03
8.257707742804498013e-03
8.241894668600729945e-03
8.226109021774903607e-03
8.210350759056132125e-03
8.194619837224612763e-03
8.178916213111659880e-03
8.163239843599727485e-03
8.147590685622443929e-03
8.131968696164641394e-03
8.116373832262366306e-03
8.100806051002927902e-03
8.085265309524908642e-03
8.069751565018195433e-03
8.054264774723995240e-03
8.038804895934868050e-03
8.023371885994758090e-03
8.007965702298997304e-03
7.992586302294334838e-03
7.977233643478973471e-03
7.961907683402564412e-03
7.946608379666255870e-03
7.931335689922696525e-03
7.916089571876054609e-03
7.900869983282047398e-03
7.885676881947955089e-03
7.870510225732636408e-03
7.855369972546552906e-03
7.840256080351781093e-03
7.825168507162026318e-03
7.810107211042657469e-03
7.795072150110694820e-03
7.780063282534846469e-03
7.765080566535517877e-03
7.750123960384827475e-03
7.735193422406615345e-03
7.720288910976464899e-03
7.705410384521708088e-03
7.690557801521441875e-03
7.675731120506543853e-03
7.660930300059673979e-03
7.646155298815303196e-03
7.631406075459703890e-03
7.616682588730976783e-03
7.601984797419051795e-03
7.587312660365696723e-03
7.572666136464529379e-03
7.558045184661035809e-03
7.543449763952560748e-03
7.528879833388327572e-03
7.514335352069433961e-03
7.499816279148879654e-03
7.485322573831546498e-03
7.470854195374234015e-03
7.456411103085630772e-03
7.441993256326348213e-03
7.427600614508911986e-03
7.413233137097774948e-03
7.398890783609302427e-03
7.384573513611803440e-03
7.370281286725509015e-03
7.356014062622589535e-03
7.341771801027146063e-03
7.327554461715227695e-03
7.313362004514817674e-03
7.299194389305844674e-03
7.285051576020172386e-03
7.270933524641610794e-03
7.256840195205913578e-03
7.242771547800777240e-03
7.228727542565831568e-03
7.214708139692652643e-03
7.200713299424752432e-03
7.186742982057577923e-03
7.172797147938507652e-03
7.158875757466856039e-03
7.144978771093856915e-03
7.131106149322672186e-03
7.117257852708383167e-03
7.103433841857981906e-03
7.089634077430378122e-03
7.075858520136385325e-03
7.062107130738710416e-03
7.048379870051962350e-03
7.034676698942633928e-03
7.020997578329099195e-03
7.007342469181610835e-03
6.993711332522285426e-03
6.980104129425099974e-03
6.966520821015884102e-03
6.952961368472306176e-03
6.939425733023877642e-03
6.925913875951929602e-03
6.912425758589611953e-03
6.898961342321882975e-03
6.885520588585494588e-03
6.872103458868983675e-03
6.858709914712675555e-03
6.845339917708638880e-03
6.831993429500719459e-03
6.818670411784484749e-03
6.805370826307243805e-03
6.792094634868023860e-03
6.778841799317546907e-03
6.765612281558236636e-03
6.752406043544188947e-03
6.739223047281169346e-03
6.726063254826589524e-03
6.712926628289503893e-03
6.699813129830585294e-03
6.686722721662115461e-03
6.673655366047964201e-03
6.660611025303583323e-03
6.647589661795981486e-03
6.634591237943715525e-03
6.621615716216864428e-03
6.608663059137028471e-03
6.595733229277294524e-03
6.582826189262229108e-03
6.569941901767861053e-03
6.557080329521658077e-03
6.544241435302512039e-03
6.531425181940719860e-03
6.518631532317967908e-03
6.505860449367302512e-03
6.493111896073124750e-03
6.480385835471167907e-03
6.467682230648463641e-03
6.455001044743335047e-03
6.442342240945376705e-03
6.429705782495432134e-03
6.417091632685566031e-03
6.404499754859046060e-03
6.391930112410332439e-03
6.379382668785038048e-03
6.366857387479922352e-03
6.354354232042856709e-03
6.341873166072808758e-03
6.329414153219822467e-03
6.316977157184981706e-03
6.304562141720403308e-03
6.292169070629202374e-03
6.279797907765474058e-03
6.267448617034261475e-03
6.255121162391542693e-03
6.242815507844200369e-03
6.230531617449994002e-03
6.218269455317539107e-03
6.206028985606277734e-03
6.193810172526460246e-03
6.181612980339110629e-03
6.169437373356002202e-03
6.157283315939642877e-03
6.145150772503229185e-03
6.133039707510634132e-03
6.120950085476375112e-03
6.108881870965584410e-03
6.096835028593987522e-03
6.084809523027866728e-03
6.072805318984042869e-03
6.060822381229844132e-03
6.048860674583067878e-03
6.036920163911967639e-03
6.025000814135213212e-03
6.013102590221869846e-03
6.001225457191356610e-03
5.989369380113430778e-03
5.977534324108142727e-03
5.965720254345825528e-03
5.953927136047048110e-03
5.942154934482590974e-03
5.930403614973416698e-03
5.918673142890633516e-03
5.906963483655472760e-03
5.895274602739255902e-03
5.883606465663351187e-03
5.871959037999161489e-03
5.860332285368070535e-03
5.848726173441435965e-03
5.837140667940531220e-03
5.825575734636536870e-03
5.814031339350485099e-03
5.802507447953246696e-03
5.791004026365485953e-03
5.779521040557630308e-03
5.768058456549839119e-03
5.756616240411966366e-03
5.745194358263531163e-03
5.733792776273683930e-03
5.722411460661161291e-03
5.711050377694268723e-03
5.699709493690836327e-03
5.688388775018177190e-03
5.677088188093070906e-03
5.665807699381708931e-03
5.654547275399675506e-03
5.643306882711901680e-03
5.632086487932631488e-03
5.620886057725393327e-03
5.609705558802949646e-03
5.598544957927277868e-03
5.587404221909522684e-03
5.576283317609960488e-03
5.565182211937965556e-03
5.554100871851970142e-03
5.543039264359435857e-03
5.531997356516805096e-03
5.520975115429470684e-03
5.509972508251733368e-03
5.498989502186776672e-03
5.488026064486607042e-03
5.477082162452036503e-03
5.466157763432634951e-03
5.455252834826692862e-03
5.444367344081185722e-03
5.433501258691731534e-03
5.422654546202550913e-03
5.411827174206436733e-03
5.401019110344702952e-03
5.390230322307155118e-03
5.379460777832049609e-03
5.368710444706051993e-03
5.357979290764190196e-03
5.347267283889830213e-03
5.336574392014626668e-03
5.325900583118482051e-03
5.315245825229505082e-03
5.304610086423982088e-03
5.293993334826323227e-03
5.283395538609027796e-03
5.272816665992639991e-03
5.262256685245716818e-03
5.251715564684776051e-03
5.241193272674255464e-03
5.230689777626485945e-03
5.220205048001634249e-03
5.209739052307664833e-03
5.199291759100303431e-03
5.188863136982993680e-03
5.178453154606849421e-03
5.168061780670623467e-03
5.157688983920649499e-03
5.147334733150816036e-03
5.136998997202517001e-03
5.126681744964603146e-03
5.116382945373351698e-03
5.106102567412414313e-03
5.095840580112777178e-03
5.085596952552716779e-03
5.075371653857761733e-03
5.065164653200639015e-03
5.054975919801242730e-03
5.044805422926582940e-03
5.034653131890744898e-03
5.024519016054840477e-03
5.014403044826969136e-03
5.004305187662181492e-03
4.994225414062416005e-03
4.984163693576471217e-03
4.974119995799953717e-03
4.964094290375235634e-03
4.954086546991416477e-03
4.944096735384262420e-03
4.934124825336178542e-03
4.924170786676155924e-03
4.914234589279725673e-03
4.904316203068920764e-03
4.894415598012220522e-03
4.884532744124515935e-03
4.874667611467057605e-03
4.864820170147412387e-03
4.854990390319420882e-03
4.845178242183143663e-03
4.835383695984823114e-03
4.825606722016837456e-03
4.815847290617652175e-03
4.806105372171773187e-03
4.796380937109703466e-03
4.786673955907893609e-03
4.776984399088699332e-03
4.767312237220336368e-03
4.757657440916825825e-03
4.748019980837958620e-03
4.738399827689238238e-03
4.728796952221842563e-03
4.719211325232574444e-03
4.709642917563813119e-03
4.700091700103466510e-03
4.690557643784930460e-03
4.681040719587034084e-03
4.671540898533998142e-03
4.662058151695383859e-03
4.652592450186047827e-03
4.643143765166096032e-03
4.633712067840833546e-03
4.624297329460715957e-03
4.614899521321306868e-03
4.605518614763228456e-03
4.596154581172110301e-03
4.586807391978541676e-03
4.577477018658029917e-03
4.568163432730944912e-03
4.558866605762477466e-03
4.549586509362588127e-03
4.540323115185957749e-03
4.531076394931940650e-03
4.521846320344517778e-03
4.512632863212243800e-03
4.503435995368208940e-03
4.494255688689973924e-03
4.485091915099537023e-03
4.475944646563279408e-03
4.466813855091913976e-03
4.457699512740438512e-03
4.448601591608091453e-03
4.439520063838295512e-03
4.430454901618612572e-03
4.421406077180696850e-03
4.412373562800237653e-03
4.403357330796924679e-03
4.394357353534382969e-03
4.385373603420134742e-03
4.376406052905544748e-03
4.367454674485776039e-03
4.358519440699729249e-03
4.349600324130011367e-03
4.340697297402868089e-03
4.331810333188146518e-03
4.322939404199239652e-03
4.314084483193039547e-03
4.305245542969887013e-03
4.296422556373516964e-03
4.287615496291021129e-03
4.278824335652784729e-03
4.270049047432442242e-03
4.261289604646829703e-03
4.252545980355933522e-03
4.243818147662834113e-03
4.235106079713669459e-03
4.226409749697568330e-03
4.217729130846617318e-03
4.209064196435792320e-03
4.200414919782927310e-03
4.191781274248651025e-03
4.183163233236340990e-03
4.174560770192070613e-03
4.165973858604564949e-03
4.157402472005145184e-03
4.148846583967675736e-03
4.140306168108525212e-03
4.131781198086501364e-03
4.123271647602809453e-03
4.114777490401001943e-03
4.106298700266923854e-03
4.097835251028662459e-03
4.089387116556498711e-03
4.080954270762860402e-03
4.072536687602259717e-03
4.064134341071254201e-03
4.055747205208391250e-03
4.047375254094156063e-03
4.039018461850923947e-03
4.030676802642906530e-03
4.022350250676102329e-03
4.014038780198245573e-03
4.005742365498755897e-03
3.997460980908684562e-03
3.989194600800669357e-03
3.980943199588875617e-03
3.972706751728953718e-03
3.964485231717977502e-03
3.956278614094406107e-03
3.948086873438023253e-03
3.939909984369886937e-03
3.931747921552282594e-03
3.923600659688667586e-03
3.915468173523624362e-03
3.907350437842805821e-03
3.899247427472883696e-03
3.891159117281498686e-03
3.883085482177211015e-03
3.875026497109446220e-03
3.866982137068443112e-03
3.858952377085205204e-03
3.850937192231449532e-03
3.842936557619553752e-03
3.834950448402502359e-03
3.826978839773838986e-03
3.819021706967614792e-03
3.811079025258335556e-03
3.803150769960912669e-03
3.795236916430604589e-03
3.787337440062976939e-03
3.779452316293838328e-03
3.771581520599200880e-03
3.763725028495218655e-03
3.755882815538142544e-03
3.748054857324266496e-03
3.740241129489875038e-03
3.732441607711195573e-03
3.724656267704337231e-03
3.716885085225254872e-03
3.709128036069683602e-03
3.701385096073093236e-03
3.693656241110634952e-03
3.685941447097092292e-03
3.678240689986824775e-03
3.670553945773724104e-03
3.662881190491153009e-03
3.655222400211901018e-03
3.647577551048130241e-03
3.639946619151320732e-03
3.632329580712224514e-03
3.624726411960810506e-03
3.617137089166213779e-03
3.609561588636683947e-03
3.601999886719530961e-03
3.594451959801079569e-03
3.586917784306612074e-03
3.579397336700316287e-03
3.571890593485240427e-03
3.564397531203233709e-03
3.556918126434900369e-03
3.549452355799542855e-03
3.542000195955116292e-03
3.534561623598174267e-03
3.527136615463812019e-03
3.519725148325621774e-03
3.512327198995643298e-03
3.504942744324298851e-03
3.497571761200357621e-03
3.490214226550873277e-03
3.482870117341135829e-03
3.475539410574624791e-03
3.468222083292947597e-03
3.460918112575795368e-03
3.453627475540889565e-03
3.446350149343929952e-03
3.439086111178542120e-03
3.431835338276228043e-03
3.424597807906314476e-03
3.417373497375899172e-03
3.410162384029801885e-03
3.402964445250509281e-03
3.395779658458126377e-03
3.388608001110325358e-03
3.381449450702293542e-03
3.374303984766679598e-03
3.367171580873543242e-03
3.360052216630307967e-03
3.352945869681703793e-03
3.345852517709715663e-03
3.338772138433537904e-03
3.331704709609518717e-03
3.324650209031108136e-03
3.317608614528807717e-03
3.310579903970120239e-03
3.303564055259495483e-03
3.296561046338282973e-03
3.289570855184676453e-03
3.282593459813666625e-03
3.275628838276985633e-03
3.268676968663059360e-03
3.261737829096951913e-03
3.254811397740321396e-03
3.247897652791362222e-03
3.240996572484752640e-03
3.234108135091611370e-03
3.227232318919440353e-03
3.220369102312074881e-03
3.213518463649632853e-03
3.206680381348464472e-03
3.199854833861097165e-03
3.193041799676190912e-03
3.186241257318481006e-03
3.179453185348730775e-03
3.172677562363679545e-03
3.165914366995990162e-03
3.159163577914201292e-03
3.152425173822673201e-03
3.145699133461537025e-03
3.138985435606647060e-03
3.132284059069526984e-03
3.125594982697316952e-03
3.118918185372728490e-03
3.112253646013990287e-03
3.105601343574795718e-03
3.098961257044255142e-03
3.092333365446843854e-03
3.085717647842348751e-03
3.079114083325824956e-03
3.072522651027536841e-03
3.065943330112910759e-03
3.059376099782486463e-03
3.052820939271862471e-03
3.046277827851648790e-03
3.039746744827415744e-03
3.033227669539638027e-03
3.026720581363654804e-03
3.020225459709606833e-03
3.013742284022398292e-03
3.007271033781637373e-03
3.000811688501588137e-03
2.994364227731122815e-03
2.987928631053667593e-03
2.981504878087154042e-03
2.975092948483971413e-03
2.968692821930908089e-03
2.962304478149115159e-03
2.955927896894041361e-03
2.949563057955391452e-03
2.943209941157072431e-03
2.936868526357151038e-03
2.930538793447788268e-03
2.924220722355207278e-03
2.917914293039629205e-03
2.911619485495231530e-03
2.905336279750095167e-03
2.899064655866150694e-03
2.892804593939138445e-03
2.886556074098545633e-03
2.880319076507566883e-03
2.874093581363052190e-03
2.867879568895452275e-03
2.861677019368774350e-03
2.855485913080529643e-03
2.849306230361683956e-03
2.843137951576607363e-03
2.836981057123028668e-03
2.830835527431978162e-03
2.824701342967744690e-03
2.818578484227825341e-03
2.812466931742871670e-03
2.806366666076645471e-03
2.800277667825964555e-03
2.794199917620657659e-03
2.788133396123510660e-03
2.782078084030222779e-03
2.776033962069351501e-03
2.770001011002267473e-03
2.763979211623102897e-03
2.757968544758702956e-03
2.751968991268577674e-03
2.745980532044850313e-03
2.740003148012212265e-03
2.734036820127870148e-03
2.728081529381498529e-03
2.722137256795190054e-03
2.716203983423408179e-03
2.710281690352937291e-03
2.704370358702832839e-03
2.698469969624372328e-03
2.692580504301011948e-03
2.686701943948328029e-03
2.680834269813977579e-03
2.674977463177643199e-03
2.669131505350988854e-03
2.663296377677608698e-03
2.657472061532979799e-03
2.651658538324410536e-03
2.645855789490997225e-03
2.640063796503572952e-03
2.634282540864658993e-03
2.628512004108414513e-03
2.622752167800592761e-03
2.617003013538489464e-03
2.611264522950894687e-03
2.605536677698048597e-03
2.599819459471584653e-03
2.594112849994492740e-03
2.588416831021061494e-03
2.582731384336834062e-03
2.577056491758563869e-03
2.571392135134157372e-03
2.565738296342635460e-03
2.560094957294080115e-03
2.554462099929587140e-03
2.548839706221221052e-03
2.543227758171966515e-03
2.537626237815674996e-03
2.532035127217027032e-03
2.526454408471476721e-03
2.520884063705206186e-03
2.515324075075080039e-03
2.509774424768594202e-03
2.504235095003832980e-03
2.498706068029418314e-03
2.493187326124463813e-03
2.487678851598524015e-03
2.482180626791554920e-03
2.476692634073856744e-03
2.471214855846033589e-03
2.465747274538946168e-03
2.460289872613661069e-03
2.454842632561405648e-03
2.449405536903522494e-03
2.443978568191416956e-03
2.438561709006517673e-03
2.433154941960225404e-03
2.427758249693864022e-03
2.422371614878641045e-03
2.416995020215591695e-03
2.411628448435539432e-03
2.406271882299045213e-03
2.400925304596362823e-03
2.395588698147392039e-03
2.390262045801630920e-03
2.384945330438129844e-03
2.379638534965446400e-03
2.374341642321595950e-03
2.369054635474008262e-03
2.363777497419479803e-03
2.358510211184129939e-03
2.353252759823347591e-03
2.348005126421753071e-03
2.342767294093149079e-03
2.337539245980472559e-03
2.332320965255752637e-03
2.327112435120060746e-03
2.321913638803465955e-03
2.316724559564990304e-03
2.311545180692561093e-03
2.306375485502967088e-03
2.301215457341811675e-03
2.296065079583465163e-03
2.290924335631024013e-03
2.285793208916258798e-03
2.280671682899575604e-03
2.275559741069963990e-03
2.270457366944956656e-03
2.265364544070580001e-03
2.260281256021311625e-03
2.255207486400033923e-03
2.250143218837987683e-03
2.245088436994728716e-03
2.240043124558082754e-03
2.235007265244096878e-03
2.229980842796998753e-03
2.224963840989149354e-03
2.219956243620998301e-03
2.214958034521039183e-03
2.209969197545761863e-03
2.204989716579614737e-03
2.200019575534950967e-03
2.195058758351991612e-03
2.190107248998773588e-03
2.185165031471111505e-03
2.180232089792549528e-03
2.175308408014317574e-03
2.170393970215285344e-03
2.165488760501921989e-03
2.160592763008245369e-03
2.155705961895785627e-03
2.150828341353532708e-03
2.145959885597897333e-03
2.141100578872664594e-03
2.136250405448951884e-03
2.131409349625162930e-03
2.126577395726942255e-03
2.121754528107134847e-03
2.116940731145739753e-03
2.112135989249866713e-03
2.107340286853691923e-03
2.102553608418416403e-03
2.097775938432217425e-03
2.093007261410209478e-03
2.088247561894397870e-03
2.083496824453637524e-03
2.078755033683585707e-03
2.074022174206663002e-03
2.069298230672006900e-03
2.064583187755427134e-03
2.059877030159367080e-03
2.055179742612853883e-03
2.050491309871461595e-03
2.045811716717263907e-03
2.041140947958793809e-03
2.036478988430995025e-03
2.031825822995186881e-03
2.027181436539014000e-03
2.022545813976409437e-03
2.017918940247545243e-03
2.013300800318796029e-03
2.008691379182690404e-03
2.004090661857874101e-03
1.999498633389062280e-03
1.994915278846997458e-03
1.990340583328411780e-03
1.985774531955975409e-03
1.981217109878265735e-03
1.976668302269712733e-03
1.972128094330566871e-03
1.967596471286848364e-03
1.963073418390311187e-03
1.958558920918398397e-03
1.954052964174197039e-03
1.949555533486402575e-03
1.945066614209269885e-03
1.940586191722576187e-03
1.936114251431576795e-03
1.931650778766961975e-03
1.927195759184818996e-03
1.922749178166585507e-03
1.918311021219011375e-03
1.913881273874115099e-03
1.909459921689142829e-03
1.905046950246526948e-03
1.900642345153842920e-03
1.896246092043769177e-03
1.891858176574045917e-03
1.887478584427431955e-03
1.883107301311665472e-03
1.878744312959421516e-03
1.874389605128270152e-03
1.870043163600635912e-03
1.865704974183757031e-03
1.861375022709642725e-03
1.857053295035035034e-03
1.852739777041365228e-03
1.848434454634711750e-03
1.844137313745764211e-03
1.839848340329777645e-03
1.835567520366534122e-03
1.831294839860300684e-03
1.827030284839789446e-03
1.822773841358116828e-03
1.818525495492763445e-03
1.814285233345532466e-03
1.810053041042509071e-03
1.805828904734021415e-03
1.801612810594598133e-03
1.797404744822931038e-03
1.793204693641831972e-03
1.789012643298192907e-03
1.784828580062947567e-03
1.780652490231028270e-03
1.776484360121330592e-03
1.772324176076668038e-03
1.768171924463735186e-03
1.764027591673067137e-03
1.759891164118999613e-03
1.755762628239627759e-03
1.751641970496769498e-03
1.747529177375922813e-03
1.743424235386227582e-03
1.739327131060424379e-03
1.735237850954817179e-03
1.731156381649233455e-03
1.727082709746982333e-03
1.723016821874817292e-03
1.718958704682896918e-03
1.714908344844744787e-03
1.710865729057210217e-03
1.706830844040430105e-03
1.702803676537787726e-03
1.698784213315875872e-03
1.694772441164455650e-03
1.690768346896420055e-03
1.686771917347753202e-03
1.682783139377491081e-03
1.678801999867684256e-03
1.674828485723357536e-03
1.670862583872473328e-03
1.666904281265891522e-03
1.662953564877328290e-03
1.659010421703324212e-03
1.655074838763199389e-03
1.651146803099017013e-03
1.647226301775547375e-03
1.643313321880224710e-03
1.639407850523114454e-03
1.635509874836869448e-03
1.631619381976696101e-03
1.627736359120313852e-03
1.623860793467918513e-03
1.619992672242141513e-03
1.616131982688016064e-03
1.612278712072936181e-03
1.608432847686618950e-03
1.604594376841067668e-03
1.600763286870534327e-03
1.596939565131480368e-03
1.593123199002540466e-03
1.589314175884484585e-03
1.585512483200178513e-03
1.581718108394550033e-03
1.577931038934548592e-03
1.574151262309108224e-03
1.570378766029110465e-03
1.566613537627348143e-03
1.562855564658485914e-03
1.559104834699025785e-03
1.555361335347267646e-03
1.551625054223271325e-03
1.547895978968824278e-03
1.544174097247399523e-03
1.540459396744120078e-03
1.536751865165724264e-03
1.533051490240526461e-03
1.529358259718380892e-03
1.525672161370645197e-03
1.521993182990143568e-03
1.518321312391129668e-03
1.514656537409251073e-03
1.510998845901512407e-03
1.507348225746237393e-03
1.503704664843035247e-03
1.500068151112760994e-03
1.496438672497481422e-03
1.492816216960438438e-03
1.489200772486013510e-03
1.485592327079688192e-03
1.481990868768012044e-03
1.478396385598565758e-03
1.474808865639921918e-03
1.471228296981613335e-03
1.467654667734094457e-03
1.464087966028706014e-03
1.460528180017639467e-03
1.456975297873901870e-03
1.453429307791279665e-03
1.449890197984301816e-03
1.446357956688205330e-03
1.442832572158900132e-03
1.439314032672933934e-03
1.435802326527454509e-03
1.432297442040175641e-03
1.428799367549343302e-03
1.425308091413697055e-03
1.421823602012438391e-03
1.418345887745192787e-03
1.414874937031975442e-03
1.411410738313156584e-03
1.407953280049426990e-03
1.404502550721760260e-03
1.401058538831382238e-03
1.397621232899730901e-03
1.394190621468427080e-03
1.390766693099234567e-03
1.387349436374030187e-03
1.383938839894763902e-03
1.380534892283428669e-03
1.377137582182024443e-03
1.373746898252521751e-03
1.370362829176829597e-03
1.366985363656760986e-03
1.363614490413996927e-03
1.360250198190053258e-03
1.356892475746245517e-03
1.353541311863657717e-03
1.350196695343101796e-03
1.346858615005090513e-03
1.343527059689800154e-03
1.340202018257034746e-03
1.336883479586196792e-03
1.333571432576248451e-03
1.330265866145680315e-03
1.326966769232478232e-03
1.323674130794087528e-03
1.320387939807379394e-03
1.317108185268619667e-03
1.313834856193432177e-03
1.310567941616768827e-03
1.307307430592870995e-03
1.304053312195240693e-03
1.300805575516604789e-03
1.297564209668882699e-03
1.294329203783151907e-03
1.291100547009616743e-03
1.287878228517571515e-03
1.284662237495373194e-03
1.281452563150401727e-03
1.278249194709031198e-03
1.275052121416596221e-03
1.271861332537357892e-03
1.268676817354471046e-03
1.265498565169953038e-03
1.262326565304648391e-03
1.259160807098198007e-03
1.256001279909005992e-03
1.252847973114206261e-03
1.249700876109631747e-03
1.246559978309777971e-03
1.243425269147776374e-03
1.240296738075355931e-03
1.237174374562814748e-03
1.234058168098987104e-03
1.230948108191209185e-03
1.227844184365288515e-03
1.224746386165470992e-03
1.221654703154409884e-03
1.218569124913131997e-03
1.215489641041006888e-03
1.212416241155714986e-03
1.209348914893214203e-03
1.206287651907708919e-03
1.203232441871619198e-03
1.200183274475547391e-03
1.197140139428246475e-03
1.194103026456589051e-03
1.191071925305535462e-03
1.188046825738102354e-03
1.185027717535330153e-03
1.182014590496252918e-03
1.179007434437865818e-03
1.176006239195094344e-03
1.173010994620762642e-03
1.170021690585561647e-03
1.167038316978018936e-03
1.164060863704467503e-03
1.161089320689013670e-03
1.158123677873505427e-03
1.155163925217503372e-03
1.152210052698247975e-03
1.149262050310628997e-03
1.146319908067155785e-03
1.143383615997924313e-03
1.140453164150588127e-03
1.137528542590326248e-03
1.134609741399813035e-03
1.131696750679187609e-03
1.128789560546023278e-03
1.125888161135296531e-03
1.122992542599356462e-03
1.120102695107894628e-03
1.117218608847914693e-03
1.114340274023701421e-03
1.111467680856790966e-03
1.108600819585940081e-03
1.105739680467095979e-03
1.102884253773366626e-03
1.100034529794989731e-03
1.097190498839304123e-03
1.094352151230716576e-03
1.091519477310675572e-03
1.088692467437638554e-03
1.085871111987044392e-03
1.083055401351280854e-03
1.080245325939655984e-03
1.077440876178369913e-03
1.074642042510481465e-03
1.071848815395883003e-03
1.069061185311266388e-03
1.066279142750096087e-03
1.063502678222579684e-03
1.060731782255636656e-03
1.057966445392870616e-03
1.055206658194538091e-03
1.052452411237522062e-03
1.049703695115299226e-03
1.046960500437913539e-03
1.044222817831944993e-03
1.041490637940481641e-03
1.038763951423089674e-03
1.036042748955786534e-03
1.033327021231007304e-03
1.030616758957581284e-03
1.027911952860698606e-03
1.025212593681883557e-03
1.022518672178965304e-03
1.019830179126049279e-03
1.017147105313488111e-03
1.014469441547852582e-03
1.011797178651904078e-03
1.009130307464564235e-03
1.006468818840888920e-03
1.003812703652037005e-03
1.001161952785243475e-03
9.985165571437908116e-04
9.958765076469803645e-04
9.932417952301039483e-04
9.906124108444163030e-04
9.879883454571051701e-04
9.853695900512652716e-04
9.827561356258683860e-04
9.801479731957360268e-04
9.775450937915114696e-04
9.749474884596319967e-04
9.723551482622990816e-04
9.697680642774529104e-04
9.671862275987434332e-04
9.646096293355019584e-04
9.620382606127151313e-04
9.594721125709949026e-04
9.569111763665520730e-04
9.543554431711695138e-04
9.518049041721718092e-04
9.492595505724014037e-04
9.467193735901877029e-04
9.441843644593213769e-04
9.416545144290274730e-04
9.391298147639363589e-04
9.366102567440569423e-04
9.340958316647500004e-04
9.315865308367008574e-04
9.290823455858913038e-04
9.265832672535733588e-04
9.240892871962416233e-04
9.216003967856069333e-04
9.191165874085684964e-04
9.166378504671865695e-04
9.141641773786574141e-04
9.116955595752842395e-04
9.092319885044518324e-04
9.067734556285984761e-04
9.043199524251912310e-04
9.018714703866968774e-04
8.994280010205561119e-04
8.969895358491583939e-04
8.945560664098123468e-04
8.921275842547232065e-04
8.897040809509620301e-04
8.872855480804418436e-04
8.848719772398907536e-04
8.824633600408264686e-04
8.800596881095280009e-04
8.776609530870099719e-04
8.752671466289981082e-04
8.728782604059011612e-04
8.704942861027854285e-04
8.681152154193481907e-04
8.657410400698933167e-04
8.633717517833027497e-04
8.610073423030120037e-04
8.586478033869850103e-04
8.562931268076853873e-04
8.539433043520544293e-04
8.515983278214823765e-04
8.492581890317836947e-04
8.469228798131713800e-04
8.445923920102312629e-04
8.422667174818963126e-04
8.399458481014212673e-04
8.376297757563562875e-04
8.353184923485227785e-04
8.330119897939865020e-04
8.307102600230341577e-04
8.284132949801450855e-04
8.261210866239684968e-04
8.238336269272977797e-04
8.215509078770440437e-04
8.192729214742111837e-04
8.169996597338727859e-04
8.147311146851438307e-04
8.124672783711579241e-04
8.102081428490416019e-04
8.079537001898895020e-04
8.057039424787380182e-04
8.034588618145427482e-04
8.012184503101523652e-04
7.989827000922834635e-04
7.967516033014958397e-04
7.945251520921696150e-04
7.923033386324773719e-04
7.900861551043620364e-04
7.878735937035115074e-04
7.856656466393332865e-04
7.834623061349312760e-04
7.812635644270804090e-04
7.790694137662026878e-04
7.768798464163420309e-04
7.746948546551409628e-04
7.725144307738152430e-04
7.703385670771306648e-04
7.681672558833776846e-04
7.660004895243482199e-04
7.638382603453102793e-04
7.616805607049859528e-04
7.595273829755249577e-04
7.573787195424812194e-04
7.552345628047906455e-04
7.530949051747451049e-04
7.509597390779687923e-04
7.488290569533953512e-04
7.467028512532435883e-04
7.445811144429928616e-04
7.424638390013607462e-04
7.403510174202785309e-04
7.382426422048672578e-04
7.361387058734146288e-04
7.340392009573514778e-04
7.319441200012270516e-04
7.298534555626883013e-04
7.277672002124524519e-04
7.256853465342868363e-04
7.236078871249843926e-04
7.215348145943397025e-04
7.194661215651267658e-04
7.174018006730746057e-04
7.153418445668449340e-04
7.132862459080091663e-04
7.112349973710235937e-04
7.091880916432085659e-04
7.071455214247236633e-04
7.051072794285454708e-04
7.030733583804443755e-04
7.010437510189616904e-04
6.990184500953864526e-04
6.969974483737330882e-04
6.949807386307183194e-04
6.929683136557376368e-04
6.909601662508442661e-04
6.889562892307243402e-04
6.869566754226761902e-04
6.849613176665858430e-04
6.829702088149067467e-04
6.809833417326342916e-04
6.790007092972858609e-04
6.770223043988768700e-04
6.750481199398987572e-04
6.730781488352967573e-04
6.711123840124473506e-04
6.691508184111353858e-04
6.671934449835333720e-04
6.652402566941774094e-04
6.632912465199455052e-04
6.613464074500364316e-04
6.594057324859464156e-04
6.574692146414470211e-04
6.555368469425642240e-04
6.536086224275552102e-04
6.516845341468861493e-04
6.497645751632126791e-04
6.478487385513542101e-04
6.459370173982754938e-04
6.440294048030624453e-04
6.421258938769021938e-04
6.402264777430593384e-04
6.383311495368561078e-04
6.364399024056488323e-04
6.345527295088088625e-04
6.326696240176977407e-04
6.307905791156483361e-04
6.289155879979419677e-04
6.270446438717871543e-04
6.251777399562982555e-04
6.233148694824733544e-04
6.214560256931750664e-04
6.196012018431058203e-04
6.177503911987895346e-04
6.159035870385486328e-04
6.140607826524834435e-04
6.122219713424508413e-04
6.103871464220433224e-04
6.085563012165675365e-04
6.067294290630232539e-04
6.049065233100821152e-04
6.030875773180678981e-04
6.012725844589335332e-04
5.994615381162413711e-04
5.976544316851424739e-04
5.958512585723547148e-04
5.940520121961430453e-04
5.922566859862978114e-04
5.904652733841146955e-04
5.886777678423736832e-04
5.868941628253179213e-04
5.851144518086343104e-04
5.833386282794311706e-04
5.815666857362190509e-04
5.797986176888896958e-04
5.780344176586951202e-04
5.762740791782287441e-04
5.745175957914021910e-04
5.727649610534275067e-04
5.710161685307952586e-04
5.692712118012549114e-04
5.675300844537941192e-04
5.657927800886189927e-04
5.640592923171330658e-04
5.623296147619184305e-04
5.606037410567128601e-04
5.588816648463938719e-04
5.571633797869546571e-04
5.554488795454865175e-04
5.537381578001576146e-04
5.520312082401936712e-04
5.503280245658574796e-04
5.486286004884293865e-04
5.469329297301874513e-04
5.452410060243874975e-04
5.435528231152429463e-04
5.418683747579054093e-04
5.401876547184450645e-04
5.385106567738310321e-04
5.368373747119109919e-04
5.351678023313924263e-04
5.335019334418223454e-04
5.318397618635680975e-04
5.301812814277979610e-04
5.285264859764614125e-04
5.268753693622693938e-04
5.252279254486756643e-04
5.235841481098562006e-04
5.219440312306917410e-04
5.203075687067462100e-04
5.186747544442490455e-04
5.170455823600753585e-04
5.154200463817267420e-04
5.137981404473120810e-04
5.121798585055285791e-04
5.105651945156423508e-04
5.089541424474696655e-04
5.073466962813574311e-04
5.057428500081646546e-04
5.041425976292431433e-04
5.025459331564190732e-04
5.009528506119730398e-04
4.993633440286223855e-04
4.977774074495011419e-04
4.961950349281423573e-04
4.946162205284587981e-04
4.930409583247238664e-04
4.914692424015534942e-04
4.899010668538871698e-04
4.883364257869688557e-04
4.867753133163293163e-04
4.852177235677669273e-04
4.836636506773289192e-04
4.821130887912934877e-04
4.805660320661508207e-04
4.790224746685849372e-04
4.774824107754546058e-04
4.759458345737762686e-04
4.744127402607041999e-04
4.728831220435136470e-04
4.713569741395807187e-04
4.698342907763661215e-04
4.683150661913954276e-04
4.667992946322417820e-04
4.652869703565070910e-04
4.637780876318042963e-04
4.622726407357393222e-04
4.607706239558928074e-04
4.592720315898021072e-04
4.577768579449429157e-04
4.562850973387123530e-04
4.547967440984100997e-04
4.533117925612207243e-04
4.518302370741957398e-04
4.503520719942362568e-04
4.488772916880744970e-04
4.474058905322562301e-04
4.459378629131228837e-04
4.444732032267948471e-04
4.430119058791525516e-04
4.415539652858187442e-04
4.400993758721422240e-04
4.386481320731787609e-04
4.372002283336746150e-04
4.357556591080483772e-04
4.343144188603737833e-04
4.328765020643618802e-04
4.314419032033440572e-04
4.300106167702545364e-04
4.285826372676125920e-04
4.271579592075056366e-04
4.257365771115720907e-04
4.243184855109835476e-04
4.229036789464275890e-04
4.214921519680909254e-04
4.200838991356425369e-04
4.186789150182151876e-04
4.172771941943895961e-04
4.158787312521773053e-04
4.144835207890023589e-04
4.130915574116855813e-04
4.117028357364271212e-04
4.103173503887893757e-04
4.089350960036800767e-04
4.075560672253354861e-04
4.061802587073036442e-04
4.048076651124271315e-04
4.034382811128264259e-04
4.020721013898834770e-04
4.007091206342241422e-04
3.993493335457021947e-04
3.979927348333825725e-04
3.966393192155240853e-04
3.952890814195632058e-04
3.939420161820978610e-04
3.925981182488700303e-04
3.912573823747496999e-04
3.899198033237181115e-04
3.885853758688517161e-04
3.872540947923048269e-04
3.859259548852942779e-04
3.846009509480821306e-04
3.832790777899600077e-04
3.819603302292319622e-04
3.806447030931988111e-04
3.793321912181416553e-04
3.780227894493056167e-04
3.767164926408833039e-04
3.754132956559993626e-04
3.741131933666933451e-04
3.728161806539044771e-04
3.715222524074547443e-04
3.702314035260335511e-04
3.689436289171811319e-04
3.676589234972725594e-04
3.663772821915025658e-04
3.650986999338678702e-04
3.638231716671530298e-04
3.625506923429135261e-04
3.612812569214602612e-04
3.600148603718433490e-04
3.587514976718366648e-04
3.574911638079220164e-04
3.562338537752728811e-04
3.549795625777394433e-04
3.537282852278322777e-04
3.524800167467067365e-04
3.512347521641477708e-04
3.499924865185539383e-04
3.487532148569215742e-04
3.475169322348295041e-04
3.462836337164236478e-04
3.450533143744012447e-04
3.438259692899955661e-04
3.426015935529600322e-04
3.413801822615535205e-04
3.401617305225242659e-04
3.389462334510948984e-04
3.377336861709469393e-04
3.365240838142052426e-04
3.353174215214234128e-04
3.341136944415676498e-04
3.329128977320023296e-04
3.317150265584741745e-04
3.305200760950973457e-04
3.293280415243382640e-04
3.281389180370005939e-04
3.269527008322099023e-04
3.257693851173986961e-04
3.245889661082914605e-04
3.234114390288895342e-04
3.222367991114562019e-04
3.210650415965018403e-04
3.198961617327684146e-04
3.187301547772152205e-04
3.175670159950038686e-04
3.164067406594830512e-04
3.152493240521742849e-04
3.140947614627565151e-04
3.129430481890519669e-04
3.117941795370106958e-04
3.106481508206964922e-04
3.095049573622718118e-04
3.083645944919832468e-04
3.072270575481469979e-04
3.060923418771337493e-04
3.049604428333547914e-04
3.038313557792470042e-04
3.027050760852584917e-04
3.015815991298338369e-04
3.004609202993999530e-04
2.993430349883513921e-04
2.982279385990361424e-04
2.971156265417407207e-04
2.960060942346765108e-04
2.948993371039647479e-04
2.937953505836227489e-04
2.926941301155492215e-04
2.915956711495100071e-04
2.904999691431241486e-04
2.894070195618490913e-04
2.883168178789674010e-04
2.872293595755714231e-04
2.861446401405503799e-04
2.850626550705750301e-04
2.839833998700846030e-04
2.829068700512720543e-04
2.818330611340704047e-04
2.807619686461383744e-04
2.796935881228466677e-04
2.786279151072642039e-04
2.775649451501434805e-04
2.765046738099073459e-04
2.754470966526347420e-04
2.743922092520469894e-04
2.733400071894936381e-04
2.722904860539394575e-04
2.712436414419493115e-04
2.701994689576760157e-04
2.691579642128450497e-04
2.681191228267419267e-04
2.670829404261979901e-04
2.660494126455769152e-04
2.650185351267610482e-04
2.639903035191376915e-04
2.629647134795855506e-04
2.619417606724613445e-04
2.609214407695860903e-04
2.599037494502316596e-04
2.588886824011070627e-04
2.578762353163452218e-04
2.568664038974895810e-04
2.558591838534804994e-04
2.548545709006419697e-04
2.538525607626680660e-04
2.528531491706100410e-04
2.518563318628621781e-04
2.508621045851494851e-04
2.498704630905138166e-04
2.488814031393007009e-04
2.478949204991461128e-04
2.469110109449635174e-04
2.459296702589302630e-04
2.449508942304748967e-04
2.439746786562635298e-04
2.430010193401874511e-04
2.420299120933490594e-04
2.410613527340497747e-04
2.400953370877763229e-04
2.391318609871881048e-04
2.381709202721040504e-04
2.372125107894897166e-04
2.362566283934440601e-04
2.353032689451872402e-04
2.343524283130468764e-04
2.334041023724458240e-04
2.324582870058888656e-04
2.315149781029502156e-04
2.305741715602605641e-04
2.296358632814943918e-04
2.287000491773571488e-04
2.277667251655724346e-04
2.268358871708696378e-04
2.259075311249706276e-04
2.249816529665778545e-04
2.240582486413612048e-04
2.231373141019455048e-04
2.222188453078979711e-04
2.213028382257156072e-04
2.203892888288127075e-04
2.194781930975082539e-04
2.185695470190134743e-04
2.176633465874195099e-04
2.167595878036844862e-04
2.158582666756217764e-04
2.149593792178868825e-04
2.140629214519656717e-04
2.131688894061615830e-04
2.122772791155835110e-04
2.113880866221332566e-04
2.105013079744937629e-04
2.096169392281160783e-04
2.087349764452076464e-04
2.078554156947200009e-04
2.069782530523363512e-04
2.061034846004597106e-04
2.052311064282004818e-04
2.043611146313642870e-04
2.034935053124402858e-04
2.026282745805883811e-04
2.017654185516278898e-04
2.009049333480247487e-04
2.000468150988802391e-04
1.991910599399184098e-04
1.983376640134743409e-04
1.974866234684821361e-04
1.966379344604628882e-04
1.957915931515132133e-04
1.949475957102924577e-04
1.941059383120118283e-04
1.932666171384218163e-04
1.924296283778007043e-04
1.915949682249426945e-04
1.907626328811460367e-04
1.899326185542014270e-04
1.891049214583800280e-04
1.882795378144221110e-04
1.874564638495248051e-04
1.866356957973310112e-04
1.858172298979173128e-04
1.850010623977825920e-04
1.841871895498362662e-04
1.833756076133866598e-04
1.825663128541296469e-04
1.817593015441369426e-04
1.809545699618445827e-04
1.801521143920411605e-04
1.793519311258570388e-04
1.785540164607522069e-04
1.777583667005050319e-04
1.769649781552009291e-04
1.761738471412209234e-04
1.753849699812301836e-04
1.745983430041667475e-04
1.738139625452300827e-04
1.730318249458699198e-04
1.722519265537747870e-04
1.714742637228607340e-04
1.706988328132602736e-04
1.699256301913109430e-04
1.691546522295441369e-04
1.683858953066738856e-04
1.676193558075856878e-04
1.668550301233255606e-04
1.660929146510884650e-04
1.653330057942076269e-04
1.645752999621432071e-04
1.638197935704711612e-04
1.630664830408724787e-04
1.623153648011217991e-04
1.615664352850766509e-04
1.608196909326663389e-04
1.600751281898810747e-04
1.593327435087607828e-04
1.585925333473845291e-04
1.578544941698592995e-04
1.571186224463091041e-04
1.563849146528644872e-04
1.556533672716510887e-04
1.549239767907794262e-04
1.541967397043335103e-04
1.534716525123604907e-04
1.527487117208595159e-04
1.520279138417713520e-04
1.513092553929674055e-04
1.505927328982390161e-04
1.498783428872869136e-04
1.491660818957101311e-04
1.484559464649961398e-04
1.477479331425092198e-04
1.470420384814807575e-04
1.463382590409979421e-04
1.456365913859936827e-04
1.449370320872356581e-04
1.442395777213161250e-04
1.435442248706412388e-04
1.428509701234203469e-04
1.421598100736559060e-04
1.414707413211327479e-04
1.407837604714077802e-04
1.400988641357993065e-04
1.394160489313771062e-04
1.387353114809514838e-04
1.380566484130632131e-04
1.373800563619732916e-04
1.367055319676522608e-04
1.360330718757702588e-04
1.353626727376864224e-04
1.346943312104388851e-04
1.340280439567343145e-04
1.333638076449378295e-04
1.327016189490626188e-04
1.320414745487599663e-04
1.313833711293088159e-04
1.307273053816059049e-04
1.300732740021551931e-04
1.294212736930583222e-04
1.287713011620039629e-04
1.281233531222580576e-04
1.274774262926536557e-04
1.268335173975808849e-04
1.261916231669768951e-04
1.255517403363158298e-04
1.249138656465988238e-04
1.242779958443441645e-04
1.236441276815771818e-04
1.230122579158203814e-04
1.223823833100834435e-04
1.217545006328535595e-04
1.211286066580852271e-04
1.205046981651904927e-04
1.198827719390292744e-04
1.192628247698993200e-04
1.186448534535265167e-04
1.180288547910550521e-04
1.174148255890376563e-04
1.168027626594258579e-04
1.161926628195601713e-04
1.155845228921604210e-04
1.149783397053161325e-04
1.143741100924766928e-04
1.137718308924417831e-04
1.131714989493516339e-04
1.125731111126775926e-04
1.119766642372121762e-04
1.113821551830598280e-04
1.107895808156271331e-04
1.101989380056133045e-04
1.096102236290006282e-04
1.090234345670450038e-04
1.084385677062662683e-04
1.078556199384389389e-04
1.072745881605825780e-04
1.066954692749522924e-04
1.061182601890295313e-04
1.055429578155124098e-04
1.049695590723064118e-04
1.043980608825150792e-04
1.038284601744304581e-04
1.032607538815239091e-04
1.026949389424366488e-04
1.021310123009705874e-04
1.015689709060788964e-04
1.010088117118567119e-04
1.004505316775319997e-04
9.989412776745616371e-05
9.933959695109493854e-05
9.878693620301907897e-05
9.823614250289510353e-05
9.768721283547641759e-05
9.714014419059370466e-05
9.659493356314615786e-05
9.605157795309212873e-05
9.551007436544006052e-05
9.497041981023950292e-05
9.443261130257184211e-05
9.389664586254136964e-05
9.336252051526621582e-05
9.283023229086929658e-05
9.229977822446927397e-05
9.177115535617163861e-05
9.124436073105967010e-05
9.071939139918541110e-05
9.019624441556083104e-05
8.967491684014888148e-05
8.915540573785451074e-05
8.863770817851590903e-05
8.812182123689533335e-05
8.760774199267059648e-05
8.709546753042593265e-05
8.658499493964339161e-05
8.607632131469389401e-05
8.556944375482835447e-05
8.506435936416907573e-05
8.456106525170085822e-05
8.405955853126232638e-05
8.355983632153711959e-05
8.306189574604520495e-05
8.256573393313416302e-05
8.207134801597052776e-05
8.157873513253107226e-05
8.108789242559418930e-05
8.059881704273125843e-05
8.011150613629793168e-05
7.962595686342566323e-05
7.914216638601295447e-05
7.866013187071700565e-05
7.817985048894487965e-05
7.770131941684518069e-05
7.722453583529940784e-05
7.674949692991344405e-05
7.627619989100916710e-05
7.580464191361577599e-05
7.533482019746153750e-05
7.486673194696509895e-05
7.440037437122734316e-05
7.393574468402267419e-05
7.347284010379081804e-05
7.301165785362833879e-05
7.255219516128029022e-05
7.209444925913184035e-05
7.163841738419996375e-05
7.118409677812509320e-05
7.073148468716277130e-05
7.028057836217545121e-05
6.983137505862408053e-05
6.938387203655992910e-05
6.893806656061633557e-05
6.849395590000045386e-05
6.805153732848495901e-05
6.761080812439996992e-05
6.717176557062485003e-05
6.673440695457985897e-05
6.629872956821819725e-05
6.586473070801771208e-05
6.543240767497292851e-05
6.500175777458674171e-05
6.457277831686243457e-05
6.414546661629558677e-05
6.371981999186599756e-05
6.329583576702959484e-05
6.287351126971037142e-05
6.245284383229248392e-05
6.203383079161213477e-05
6.161646948894954913e-05
6.120075727002110091e-05
6.078669148497128281e-05
6.037426948836472398e-05
5.996348863917830914e-05
5.955434630079323687e-05
5.914683984098711842e-05
5.874096663192604278e-05
5.833672405015669581e-05
5.793410947659862858e-05
5.753312029653619359e-05
5.713375389961086726e-05
5.673600767981335559e-05
5.633987903547581504e-05
5.594536536926409363e-05
5.555246408816982314e-05
5.516117260350281604e-05
5.477148833088321190e-05
5.438340869023374559e-05
5.399693110577211727e-05
5.361205300600317252e-05
5.322877182371123168e-05
5.284708499595244617e-05
5.246698996404716844e-05
5.208848417357219313e-05
5.171156507435320835e-05
5.133623012045711813e-05
5.096247677018447337e-05
5.059030248606189594e-05
5.021970473483440122e-05
4.985068098745792383e-05
4.948322871909174181e-05
4.911734540909094138e-05
4.875302854099884111e-05
4.839027560253957190e-05
4.802908408561049432e-05
4.766945148627472443e-05
4.731137530475374760e-05
4.695485304541987658e-05
4.659988221678881116e-05
4.624646033151228586e-05
4.589458490637052804e-05
4.554425346226498013e-05
4.519546352421089996e-05
4.484821262132985268e-05
4.450249828684250079e-05
4.415831805806123839e-05
4.381566947638274398e-05
4.347455008728078415e-05
4.313495744029888164e-05
4.279688908904293596e-05
4.246034259117406769e-05
4.212531550840125944e-05
4.179180540647413914e-05
4.145980985517578362e-05
4.112932642831536642e-05
4.080035270372111043e-05
4.047288626323293563e-05
4.014692469269536440e-05
3.982246558195033865e-05
3.949950652483002339e-05
3.917804511914969851e-05
3.885807896670058942e-05
3.853960567324277913e-05
3.822262284849806601e-05
3.790712810614291656e-05
3.759311906380132992e-05
3.728059334303784482e-05
3.696954856935036348e-05
3.665998237216323309e-05
3.635189238482016457e-05
3.604527624457719206e-05
3.574013159259572045e-05
3.543645607393547809e-05
3.513424733754759823e-05
3.483350303626760555e-05
3.453422082680849083e-05
3.423639836975377211e-05
3.394003332955054217e-05
3.364512337450258387e-05
3.335166617676345161e-05
3.305965941232958663e-05
3.276910076103349328e-05
3.247998790653673244e-05
3.219231853632323326e-05
3.190609034169236788e-05
3.162130101775216838e-05
3.133794826341243528e-05
3.105602978137803587e-05
3.077554327814206693e-05
3.049648646397908863e-05
3.021885705293834152e-05
2.994265276283703119e-05
2.966787131525355886e-05
2.939451043552083654e-05
2.912256785271950062e-05
2.885204129967130839e-05
2.858292851293237538e-05
2.831522723278650066e-05
2.804893520323856342e-05
2.778405017200780093e-05
2.752056989052124568e-05
2.725849211390699321e-05
2.699781460098769008e-05
2.673853511427388301e-05
2.648065141995741876e-05
2.622416128790489489e-05
2.596906249165105291e-05
2.571535280839228659e-05
2.546303001898003854e-05
2.521209190791429494e-05
2.496253626333707021e-05
2.471436087702591193e-05
2.446756354438736178e-05
2.422214206445050786e-05
2.397809423986052701e-05
2.373541787687218627e-05
2.349411078534343938e-05
2.325417077872896559e-05
2.301559567407372543e-05
2.277838329200660458e-05
2.254253145673396625e-05
2.230803799603330861e-05
2.207490074124682732e-05
2.184311752727510685e-05
2.161268619257074400e-05
2.138360457913200194e-05
2.115587053249650150e-05
2.092948190173489213e-05
2.070443653944453984e-05
2.048073230174321172e-05
2.025836704826287221e-05
2.003733864214332706e-05
1.981764495002599926e-05
1.959928384204765762e-05
1.938225319183424364e-05
1.916655087649456952e-05
1.895217477661414503e-05
1.873912277624896703e-05
1.852739276291932261e-05
1.831698262760362607e-05
1.810789026473222539e-05
1.790011357218126636e-05
1.769365045126654987e-05
1.748849880673736213e-05
1.728465654677040653e-05
1.708212158296364063e-05
1.688089183033018766e-05
1.668096520729229893e-05
1.648233963567518397e-05
1.628501304070102036e-05
1.608898335098286525e-05
1.589424849851860753e-05
1.570080641868495052e-05
1.550865505023136753e-05
1.531779233527411844e-05
1.512821621929022898e-05
1.493992465111148526e-05
1.475291558291851301e-05
1.456718697023474841e-05
1.438273677192051055e-05
1.419956295016704340e-05
1.401766347049060350e-05
1.383703630172651721e-05
1.365767941602326333e-05
1.347959078883658788e-05
1.330276839892360881e-05
1.312721022833691213e-05
1.295291426241872096e-05
1.277987848979500864e-05
1.260810090236966268e-05
1.243757949531863345e-05
1.226831226708412864e-05
1.210029721936878732e-05
1.193353235712986257e-05
1.176801568857344975e-05
1.160374522514868436e-05
1.144071898154196866e-05
1.127893497567122199e-05
1.111839122868012603e-05
1.095908576493237348e-05
1.080101661200594037e-05
1.064418180068737373e-05
1.048857936496605541e-05
1.033420734202855416e-05
1.018106377225287587e-05
1.002914669920282747e-05
9.878454169622326574e-06
9.728984233429756803e-06
9.580734943712311338e-06
9.433704356720365219e-06
9.287890531861823945e-06
9.143291531696551687e-06
8.999905421930711418e-06
8.857730271411220233e-06
8.716764152120125051e-06
8.577005139169039302e-06
8.438451310793593170e-06
8.301100748347853335e-06
8.164951536298791851e-06
8.030001762220760104e-06
7.896249516789940743e-06
7.763692893778855521e-06
7.632329990050842639e-06
7.502158905554582372e-06
7.373177743318598132e-06
7.245384609445785481e-06
7.118777613107951312e-06
6.993354866540359798e-06
6.869114485036280051e-06
6.746054586941565946e-06
6.624173293649226651e-06
6.503468729593998831e-06
6.383939022246963760e-06
6.265582302110142400e-06
6.148396702711109120e-06
6.032380360597624048e-06
5.917531415332262882e-06
5.803848009487064489e-06
5.691328288638182739e-06
5.579970401360556973e-06
5.469772499222578237e-06
5.360732736780786857e-06
5.252849271574550527e-06
5.146120264120779676e-06
5.040543877908634356e-06
4.936118279394252308e-06
4.832841637995478726e-06
4.730712126086611260e-06
4.629727918993147570e-06
4.529887194986548120e-06
4.431188135279015909e-06
4.333628924018266897e-06
4.237207748282318205e-06
4.141922798074307665e-06
4.047772266317276945e-06
3.954754348849011420e-06
3.862867244416856334e-06
3.772109154672560063e-06
3.682478284167119071e-06
3.593972840345641078e-06
3.506591033542200186e-06
3.420331076974724608e-06
3.335191186739870848e-06
3.251169581807927531e-06
3.168264484017711600e-06
3.086474118071487395e-06
3.005796711529884028e-06
2.926230494806830127e-06
2.847773701164494508e-06
2.770424566708237435e-06
2.694181330381564423e-06
2.619042233961104177e-06
2.545005522051577641e-06
2.472069442080791188e-06
2.400232244294628110e-06
2.329492181752061714e-06
2.259847510320158254e-06
2.191296488669112466e-06
2.123837378267272944e-06
2.057468443376185308e-06
1.992187951045645949e-06
1.927994171108758326e-06
1.864885376177005349e-06
1.802859841635324729e-06
1.741915845637197673e-06
1.682051669099744347e-06
1.623265595698829510e-06
1.565555911864175770e-06
1.508920906774486791e-06
1.453358872352577699e-06
1.398868103260519044e-06
1.345446896894784573e-06
1.293093553381408737e-06
1.241806375571155223e-06
1.191583669034693730e-06
1.142423742057782262e-06
1.094324905636465718e-06
1.047285473472273218e-06
1.001303761967432365e-06
9.563780902200896511e-07
9.125067800195376379e-07
8.696881558414542080e-07
8.279205448431468985e-07
7.872022768588098343e-07
7.475316843947864842e-07
7.089071026248407824e-07
6.713268693854408484e-07
6.347893251710456727e-07
5.992928131294054601e-07
5.648356790568669497e-07
5.314162713936887931e-07
4.990329412193664624e-07
4.676840422479643568e-07
4.373679308234556926e-07
4.080829659150730335e-07
3.798275091126661259e-07
3.525999246220677824e-07
3.263985792604697167e-07
3.012218424518046260e-07
2.770680862221392848e-07
2.539356851950737263e-07
2.318230165871502978e-07
2.107284602032706296e-07
1.906503984321208371e-07
1.715872162416053246e-07
1.535373011742887421e-07
1.364990433428463601e-07
1.204708354255227548e-07
1.054510726615986338e-07
9.143815284686635647e-08
7.843047632911309098e-08
6.642644600361266692e-08
5.542446730862560013e-08
4.542294822090711822e-08
3.642029925122365637e-08
2.841493343987732709e-08
2.140526635223862218e-08
1.538971607428737322e-08
1.036670320816163309e-08
