2.430724355858045896e-12
2.430715050747201311e-12
2.430692601967427178e-12
2.430655355686638718e-12
2.430603240831459430e-12
2.430536245906578516e-12
2.430454368563996147e-12
2.430357608918034501e-12
2.430245968063377452e-12
2.430119447635798493e-12
2.429978049654487099e-12
2.429821776457110209e-12
2.429650630670129440e-12
2.429464615194059670e-12
2.429263733195628991e-12
2.429047988103358871e-12
2.428817383604932765e-12
2.428571923645553867e-12
2.428311612426863887e-12
2.428036454406197851e-12
2.427746454296036425e-12
2.427441617063591514e-12
2.427121947930464160e-12
2.426787452372353739e-12
2.426438136118801080e-12
2.426074005152950169e-12
2.425695065711318733e-12
2.425301324283578925e-12
2.424892787612334776e-12
2.424469462692907324e-12
2.424031356773109643e-12
2.423578477353025099e-12
2.423110832184773906e-12
2.422628429272282495e-12
2.422131276871042387e-12
2.421619383487863821e-12
2.421092757880626142e-12
2.420551409058016075e-12
2.419995346279264389e-12
2.419424579053876089e-12
2.418839117141348094e-12
2.418238970550887318e-12
2.417624149541116632e-12
2.416994664619774769e-12
2.416350526543412998e-12
2.415691746317079680e-12
2.415018335194000381e-12
2.414330304675249505e-12
2.413627666509419503e-12
2.412910432692275136e-12
2.412178615466409358e-12
2.411432227320883841e-12
2.410671280990867900e-12
2.409895789457271748e-12
2.409105765946365625e-12
2.408301223929399730e-12
2.407482177122212439e-12
2.406648639484834087e-12
2.405800625221079836e-12
2.404938148778141742e-12
2.404061224846168698e-12
2.403169868357842348e-12
2.402264094487943299e-12
2.401343918652915315e-12
2.400409356510417802e-12
2.399460423958872231e-12
2.398497137137005735e-12
2.397519512423381778e-12
2.396527566435930831e-12
2.395521316031467311e-12
2.394500778305205305e-12
2.393465970590265013e-12
2.392416910457172720e-12
2.391353615713355118e-12
2.390276104402625553e-12
2.389184394804662991e-12
2.388078505434490192e-12
2.386958455041936114e-12
2.385824262611096721e-12
2.384675947359793347e-12
2.383513528739014922e-12
2.382337026432363421e-12
2.381146460355484365e-12
2.379941850655496522e-12
2.378723217710416760e-12
2.377490582128569948e-12
2.376243964748002099e-12
2.374983386635878968e-12
2.373708869087886663e-12
2.372420433627618942e-12
2.371118102005960455e-12
2.369801896200467173e-12
2.368471838414733071e-12
2.367127951077759651e-12
2.365770256843312533e-12
2.364398778589273601e-12
2.363013539416990330e-12
2.361614562650612989e-12
2.360201871836431442e-12
2.358775490742202662e-12
2.357335443356474201e-12
2.355881753887899588e-12
2.354414446764549279e-12
2.352933546633215955e-12
2.351439078358711742e-12
2.349931067023163006e-12
2.348409537925296671e-12
2.346874516579721278e-12
2.345326028716204011e-12
2.343764100278937223e-12
2.342188757425807381e-12
2.340600026527648663e-12
2.338997934167499793e-12
2.337382507139849556e-12
2.335753772449877474e-12
2.334111757312691657e-12
2.332456489152558968e-12
2.330787995602130760e-12
2.329106304501660118e-12
2.327411443898219518e-12
2.325703442044907566e-12
2.323982327400052519e-12
2.322248128626412568e-12
2.320500874590366426e-12
2.318740594361102712e-12
2.316967317209801250e-12
2.315181072608812347e-12
2.313381890230825986e-12
2.311569799948042617e-12
2.309744831831331037e-12
2.307907016149389899e-12
2.306056383367895895e-12
2.304192964148652743e-12
2.302316789348732909e-12
2.300427890019614477e-12
2.298526297406313985e-12
2.296612042946513198e-12
2.294685158269683463e-12
2.292745675196200766e-12
2.290793625736462011e-12
2.288829042089992001e-12
2.286851956644547596e-12
2.284862401975216216e-12
2.282860410843513535e-12
2.280846016196469058e-12
2.278819251165715334e-12
2.276780149066569092e-12
2.274728743397106316e-12
2.272665067837234496e-12
2.270589156247764067e-12
2.268501042669469752e-12
2.266400761322147468e-12
2.264288346603674856e-12
2.262163833089060514e-12
2.260027255529487160e-12
2.257878648851361670e-12
2.255718048155347743e-12
2.253545488715401804e-12
2.251361005977807280e-12
2.249164635560196367e-12
2.246956413250576639e-12
2.244736375006347958e-12
2.242504556953319395e-12
2.240260995384717257e-12
2.238005726760197560e-12
2.235738787704844766e-12
2.233460215008176587e-12
2.231170045623135855e-12
2.228868316665088855e-12
2.226555065410808321e-12
2.224230329297464897e-12
2.221894145921608113e-12
2.219546553038142500e-12
2.217187588559305332e-12
2.214817290553640323e-12
2.212435697244963245e-12
2.210042847011330381e-12
2.207638778383998079e-12
2.205223530046384341e-12
2.202797140833024342e-12
2.200359649728522722e-12
2.197911095866503456e-12
2.195451518528557296e-12
2.192980957143183969e-12
2.190499451284737600e-12
2.188007040672357193e-12
2.185503765168908827e-12
2.182989664779914522e-12
2.180464779652483525e-12
2.177929150074235526e-12
2.175382816472229923e-12
2.172825819411884189e-12
2.170258199595891428e-12
2.167679997863141566e-12
2.165091255187629215e-12
2.162492012677369614e-12
2.159882311573306090e-12
2.157262193248214684e-12
2.154631699205612020e-12
2.151990871078652262e-12
2.149339750629031744e-12
2.146678379745882695e-12
2.144006800444668992e-12
2.141325054866081900e-12
2.138633185274926933e-12
2.135931234059015161e-12
2.133219243728050067e-12
2.130497256912510774e-12
2.127765316362537289e-12
2.125023464946810093e-12
2.122271745651428927e-12
2.119510201578791569e-12
2.116738875946469389e-12
2.113957812086080074e-12
2.111167053442160348e-12
2.108366643571038296e-12
2.105556626139700027e-12
2.102737044924658361e-12
2.099907943810819898e-12
2.097069366790346029e-12
2.094221357961522427e-12
2.091363961527613599e-12
2.088497221795728338e-12
2.085621183175677504e-12
2.082735890178831803e-12
2.079841387416978354e-12
2.076937719601176049e-12
2.074024931540611310e-12
2.071103068141451023e-12
2.068172174405694262e-12
2.065232295430021987e-12
2.062283476404654018e-12
2.059325762612190660e-12
2.056359199426464828e-12
2.053383832311392553e-12
2.050399706819814613e-12
2.047406868592348248e-12
2.044405363356228787e-12
2.041395236924156523e-12
2.038376535193141163e-12
2.035349304143345877e-12
2.032313589836929322e-12
2.029269438416890505e-12
2.026216896105908782e-12
2.023156009205188719e-12
2.020086824093298889e-12
2.017009387225015917e-12
2.013923745130163682e-12
2.010829944412454534e-12
2.007728031748331328e-12
2.004618053885805812e-12
2.001500057643300657e-12
1.998374089908489867e-12
1.995240197637137580e-12
1.992098427851940495e-12
1.988948827641366673e-12
1.985791444158497156e-12
1.982626324619866386e-12
1.979453516304302208e-12
1.976273066551768707e-12
1.973085022762205815e-12
1.969889432394372142e-12
1.966686342964686201e-12
1.963475802046069241e-12
1.960257857266788892e-12
1.957032556309300382e-12
1.953799946909092609e-12
1.950560076853530972e-12
1.947312993980703441e-12
1.944058746178264197e-12
1.940797381382282934e-12
1.937528947576088906e-12
1.934253492789120222e-12
1.930971065095771530e-12
1.927681712614244528e-12
1.924385483505396857e-12
1.921082425971594226e-12
1.917772588255560116e-12
1.914456018639232344e-12
1.911132765442615194e-12
1.907802877022632750e-12
1.904466401771990311e-12
1.901123388118024095e-12
1.897773884521567500e-12
1.894417939475805248e-12
1.891055601505137223e-12
1.887686919164039889e-12
1.884311941035928914e-12
1.880930715732025835e-12
1.877543291890222705e-12
1.874149718173951588e-12
1.870750043271052031e-12
1.867344315892643380e-12
1.863932584771995897e-12
1.860514898663404284e-12
1.857091306341066873e-12
1.853661856597955525e-12
1.850226598244702484e-12
1.846785580108475935e-12
1.843338851031863226e-12
1.839886459871756112e-12
1.836428455498237215e-12
1.832964886793464459e-12
1.829495802650564390e-12
1.826021251972522680e-12
1.822541283671078246e-12
1.819055946665616988e-12
1.815565289882071767e-12
1.812069362251823004e-12
1.808568212710596443e-12
1.805061890197371217e-12
1.801550443653285084e-12
1.798033922020541081e-12
1.794512374241321445e-12
1.790985849256698301e-12
1.787454396005549202e-12
1.783918063423475289e-12
1.780376900441721879e-12
1.776830955986100263e-12
1.773280278975912125e-12
1.769724918322878008e-12
1.766164922930067592e-12
1.762600341690829163e-12
1.759031223487729187e-12
1.755457617191486423e-12
1.751879571659913915e-12
1.748297135736860784e-12
1.744710358251159674e-12
1.741119288015573183e-12
1.737523973825745958e-12
1.733924464459159407e-12
1.730320808674086817e-12
1.726713055208553727e-12
1.723101252779301527e-12
1.719485450080750857e-12
1.715865695783972277e-12
1.712242038535655115e-12
1.708614526957083999e-12
1.704983209643114567e-12
1.701348135161155250e-12
1.697709352050150660e-12
1.694066908819566397e-12
1.690420853948381527e-12
1.686771235884079852e-12
1.683118103041646424e-12
1.679461503802567302e-12
1.675801486513830910e-12
1.672138099486936879e-12
1.668471390996901447e-12
1.664801409281272561e-12
1.661128202539145579e-12
1.657451818930182809e-12
1.653772306573633656e-12
1.650089713547364465e-12
1.646404087886885731e-12
1.642715477584386787e-12
1.639023930587770697e-12
1.635329494799696409e-12
1.631632218076620106e-12
1.627932148227846055e-12
1.624229333014574211e-12
1.620523820148955306e-12
1.616815657293152389e-12
1.613104892058397331e-12
1.609391572004062259e-12
1.605675744636724335e-12
1.601957457409242048e-12
1.598236757719829478e-12
1.594513692911139450e-12
1.590788310269347298e-12
1.587060657023237854e-12
1.583330780343300114e-12
1.579598727340822305e-12
1.575864545066990997e-12
1.572128280511996873e-12
1.568389980604141309e-12
1.564649692208949016e-12
1.560907462128284106e-12
1.557163337099469604e-12
1.553417363794412199e-12
1.549669588818728616e-12
1.545920058710880268e-12
1.542168819941306695e-12
1.538415918911568900e-12
1.534661401953490663e-12
1.530905315328309952e-12
1.527147705225830141e-12
1.523388617763577471e-12
1.519628098985962167e-12
1.515866194863443979e-12
1.512102951291701976e-12
1.508338414090807769e-12
1.504572629004404590e-12
1.500805641698889807e-12
1.497037497762600461e-12
1.493268242705006893e-12
1.489497921955905349e-12
1.485726580864619882e-12
1.481954264699205867e-12
1.478181018645659376e-12
1.474406887807128562e-12
1.470631917203132331e-12
1.466856151768782226e-12
1.463079636354009575e-12
1.459302415722794451e-12
1.455524534552401700e-12
1.451746037432622023e-12
1.447966968865014866e-12
1.444187373262157175e-12
1.440407294946897602e-12
1.436626778151615149e-12
1.432845867017479231e-12
1.429064605593719632e-12
1.425283037836896061e-12
1.421501207610175168e-12
1.417719158682611619e-12
1.413936934728433191e-12
1.410154579326332338e-12
1.406372135958757760e-12
1.402589648011218483e-12
1.398807158771583911e-12
1.395024711429394776e-12
1.391242349075176311e-12
1.387460114699755867e-12
1.383678051193586992e-12
1.379896201346075731e-12
1.376114607844914397e-12
1.372333313275417770e-12
1.368552360119864740e-12
1.364771790756846424e-12
1.360991647460616693e-12
1.357211972400447559e-12
1.353432807639991417e-12
1.349654195136646529e-12
1.345876176740926938e-12
1.342098794195839260e-12
1.338322089136261287e-12
1.334546103088328470e-12
1.330770877468822415e-12
1.326996453584567263e-12
1.323222872631827682e-12
1.319450175695713923e-12
1.315678403749590925e-12
1.311907597654493465e-12
1.308137798158543950e-12
1.304369045896375643e-12
1.300601381388564992e-12
1.296834845041059913e-12
1.293069477144623018e-12
1.289305317874272620e-12
1.285542407288732427e-12
1.281780785329883047e-12
1.278020491822221779e-12
1.274261566472325227e-12
1.270504048868315952e-12
1.266747978479339025e-12
1.262993394655034942e-12
1.259240336625026066e-12
1.255488843498402671e-12
1.251738954263216454e-12
1.247990707785977483e-12
1.244244142811156393e-12
1.240499297960692440e-12
1.236756211733505998e-12
1.233014922505016103e-12
1.229275468526660829e-12
1.225537887925426137e-12
1.221802218703378369e-12
1.218068498737200168e-12
1.214336765777733270e-12
1.210607057449525328e-12
1.206879411250381184e-12
1.203153864550921007e-12
1.199430454594140853e-12
1.195709218494980898e-12
1.191990193239895289e-12
1.188273415686430477e-12
1.184558922562805563e-12
1.180846750467500332e-12
1.177136935868845290e-12
1.173429515104618579e-12
1.169724524381648539e-12
1.166021999775417694e-12
1.162321977229676012e-12
1.158624492556056202e-12
1.154929581433695254e-12
1.151237279408859631e-12
1.147547621894577718e-12
1.143860644170274296e-12
1.140176381381412287e-12
1.136494868539137930e-12
1.132816140519932015e-12
1.129140232065264350e-12
1.125467177781255298e-12
1.121797012138341549e-12
1.118129769470944722e-12
1.114465483977147849e-12
1.110804189718374676e-12
1.107145920619075633e-12
1.103490710466416029e-12
1.099838592909972726e-12
1.096189601461431413e-12
1.092543769494293381e-12
1.088901130243582901e-12
1.085261716805562271e-12
1.081625562137450907e-12
1.077992699057148880e-12
1.074363160242964882e-12
1.070736978233351282e-12
1.067114185426640975e-12
1.063494814080791119e-12
1.059878896313130897e-12
1.056266464100114938e-12
1.052657549277079566e-12
1.049052183538006116e-12
1.045450398435287283e-12
1.041852225379499924e-12
1.038257695639180496e-12
1.034666840340607961e-12
1.031079690467588103e-12
1.027496276861245523e-12
1.023916630219819064e-12
1.020340781098462692e-12
1.016768759909048795e-12
1.013200596919979971e-12
1.009636322256001818e-12
1.006075965898023607e-12
1.002519557682940161e-12
9.989671273034628268e-13
9.954187043079502387e-13
9.918743181002471675e-13
9.883339979395265945e-13
9.847977729401384527e-13
9.812656720714579640e-13
9.777377241577454863e-13
9.742139578780047463e-13
9.706944017658495532e-13
9.671790842093739462e-13
9.636680334510265822e-13
9.601612775874889613e-13
9.566588445695617298e-13
9.531607622020499732e-13
9.496670581436580014e-13
9.461777599068855473e-13
9.426928948579310331e-13
9.392124902165958471e-13
9.357365730561964961e-13
9.322651703034795851e-13
9.287983087385422496e-13
9.253360149947546076e-13
9.218783155586900868e-13
9.184252367700571671e-13
9.149768048216379872e-13
9.115330457592289725e-13
9.080939854815881262e-13
9.046596497403845425e-13
9.012300641401544825e-13
8.978052541382594701e-13
8.943852450448514558e-13
8.909700620228387885e-13
8.875597300878601643e-13
8.841542741082606952e-13
8.807537188050717145e-13
8.773580887519978522e-13
8.739674083754043121e-13
8.705817019543122271e-13
8.672009936203947209e-13
8.638253073579810486e-13
8.604546670040606350e-13
8.570890962482949896e-13
8.537286186330317426e-13
8.503732575533236275e-13
8.470230362569512004e-13
8.436779778444499013e-13
8.403381052691413558e-13
8.370034413371683124e-13
8.336740087075340223e-13
8.303498298921460624e-13
8.270309272558635908e-13
8.237173230165484404e-13
8.204090392451210578e-13
8.171060978656205837e-13
8.138085206552669516e-13
8.105163292445301562e-13
8.072295451172005315e-13
8.039481896104643802e-13
8.006722839149841477e-13
7.974018490749809176e-13
7.941369059883220575e-13
7.908774754066122977e-13
7.876235779352888487e-13
7.843752340337198513e-13
7.811324640153078753e-13
7.778952880475956387e-13
7.746637261523771814e-13
7.714377982058114602e-13
7.682175239385406912e-13
7.650029229358117203e-13
7.617940146376020395e-13
7.585908183387489325e-13
7.553933531890815491e-13
7.522016381935593406e-13
7.490156922124106981e-13
7.458355339612779503e-13
7.426611820113648879e-13
7.394926547895884260e-13
7.363299705787328934e-13
7.331731475176086623e-13
7.300222036012156263e-13
7.268771566809073838e-13
7.237380244645616827e-13
7.206048245167527836e-13
7.174775742589278612e-13
7.143562909695874457e-13
7.112409917844683875e-13
7.081316936967313670e-13
7.050284135571503213e-13
7.019311680743074264e-13
6.988399738147897938e-13
6.957548472033901074e-13
6.926758045233114990e-13
6.896028619163738396e-13
6.865360353832261883e-13
6.834753407835590407e-13
6.804207938363240482e-13
6.773724101199537382e-13
6.743302050725857779e-13
6.712941939922908725e-13
6.682643920373030879e-13
6.652408142262547165e-13
6.622234754384124557e-13
6.592123904139188375e-13
6.562075737540356769e-13
6.532090399213911560e-13
6.502168032402290285e-13
6.472308778966634782e-13
6.442512779389342808e-13
6.412780172776669138e-13
6.383111096861350892e-13
6.353505688005263153e-13
6.323964081202109937e-13
6.294486410080145439e-13
6.265072806904923567e-13
6.235723402582065642e-13
6.206438326660091712e-13
6.177217707333243797e-13
6.148061671444364657e-13
6.118970344487793735e-13
6.089943850612300456e-13
6.060982312624037723e-13
6.032085851989534795e-13
6.003254588838714389e-13
5.974488641967934029e-13
5.945788128843065758e-13
5.917153165602597052e-13
5.888583867060768092e-13
5.860080346710724177e-13
5.831642716727711558e-13
5.803271087972288415e-13
5.774965569993570172e-13
5.746726271032509134e-13
5.718553298025183220e-13
5.690446756606132149e-13
5.662406751111703727e-13
5.634433384583444556e-13
5.606526758771503878e-13
5.578686974138065687e-13
5.550914129860818202e-13
5.523208323836432429e-13
5.495569652684095245e-13
5.467998211749024314e-13
5.440494095106063776e-13
5.413057395563253684e-13
5.385688204665466087e-13
5.358386612698043128e-13
5.331152708690463420e-13
5.303986580420047793e-13
5.276888314415674144e-13
5.249857995961521551e-13
5.222895709100848734e-13
5.196001536639786641e-13
5.169175560151157295e-13
5.142417859978324950e-13
5.115728515239058352e-13
5.089107603829434402e-13
5.062555202427749899e-13
5.036071386498467607e-13
5.009656230296179497e-13
4.983309806869606329e-13
4.957032188065599267e-13
4.930823444533188937e-13
4.904683645727641565e-13
4.878612859914545401e-13
4.852611154173915321e-13
4.826678594404331756e-13
4.800815245327087708e-13
4.775021170490371098e-13
4.749296432273460240e-13
4.723641091890953659e-13
4.698055209397005951e-13
4.672538843689603031e-13
4.647092052514853543e-13
4.621714892471292370e-13
4.596407419014226575e-13
4.571169686460084347e-13
4.546001747990796787e-13
4.520903655658200883e-13
4.495875460388457635e-13
4.470917211986499466e-13
4.446028959140494795e-13
4.421210749426337854e-13
4.396462629312153653e-13
4.371784644162833234e-13
4.347176838244581553e-13
4.322639254729490595e-13
4.298171935700137239e-13
4.273774922154195255e-13
4.249448254009069004e-13
4.225191970106556432e-13
4.201006108217523670e-13
4.176890705046602853e-13
4.152845796236913176e-13
4.128871416374801627e-13
4.104967598994603420e-13
4.081134376583421602e-13
4.057371780585931413e-13
4.033679841409201797e-13
4.010058588427535102e-13
3.986508049987340087e-13
3.963028253412003934e-13
3.939619225006800598e-13
3.916280990063819363e-13
3.893013572866901970e-13
3.869816996696614590e-13
3.846691283835227365e-13
3.823636455571719700e-13
3.800652532206811299e-13
3.777739533058002298e-13
3.754897476464637619e-13
3.732126379793000114e-13
3.709426259441408244e-13
3.686797130845348598e-13
3.664239008482615986e-13
3.641751905878488869e-13
3.619335835610905804e-13
3.596990809315680252e-13
3.574716837691721454e-13
3.552513930506287609e-13
3.530382096600248655e-13
3.508321343893376297e-13
3.486331679389653243e-13
3.464413109182601097e-13
3.442565638460625432e-13
3.420789271512392667e-13
3.399084011732215526e-13
3.377449861625465755e-13
3.355886822814001491e-13
3.334394896041625925e-13
3.312974081179557071e-13
3.291624377231920766e-13
3.270345782341266386e-13
3.249138293794106288e-13
3.228001908026466360e-13
3.206936620629471413e-13
3.185942426354942684e-13
3.165019319121018564e-13
3.144167292017798549e-13
3.123386337313008400e-13
3.102676446457689533e-13
3.082037610091906588e-13
3.061469818050474678e-13
3.040973059368721491e-13
3.020547322288255938e-13
3.000192594262775184e-13
2.979908861963878236e-13
2.959696111286919919e-13
2.939554327356871424e-13
2.919483494534218711e-13
2.899483596420875054e-13
2.879554615866121354e-13
2.859696534972572199e-13
2.839909335102159595e-13
2.820192996882152543e-13
2.800547500211190245e-13
2.780972824265346616e-13
2.761468947504221049e-13
2.742035847677049370e-13
2.722673501828848120e-13
2.703381886306578524e-13
2.684160976765344289e-13
2.665010748174605551e-13
2.645931174824434234e-13
2.626922230331785550e-13
2.607983887646801822e-13
2.589116119059148110e-13
2.570318896204370555e-13
2.551592190070286530e-13
2.532935971003406601e-13
2.514350208715383243e-13
2.495834872289493383e-13
2.477389930187145684e-13
2.459015350254430739e-13
2.440711099728689441e-13
2.422477145245123263e-13
2.404313452843435833e-13
2.386219987974504805e-13
2.368196715507091087e-13
2.350243599734579883e-13
2.332360604381761106e-13
2.314547692611638574e-13
2.296804827032285654e-13
2.279131969703726654e-13
2.261529082144864154e-13
2.243996125340441938e-13
2.226533059748046546e-13
2.209139845305147187e-13
2.191816441436182877e-13
2.174562807059679593e-13
2.157378900595420713e-13
2.140264679971654297e-13
2.123220102632342277e-13
2.106245125544461901e-13
2.089339705205342773e-13
2.072503797650059171e-13
2.055737358458863770e-13
2.039040342764671340e-13
2.022412705260592689e-13
2.005854400207515802e-13
1.989365381441744034e-13
1.972945602382678986e-13
1.956595016040563962e-13
1.940313575024275391e-13
1.924101231549178115e-13
1.907957937445028639e-13
1.891883644163943005e-13
1.875878302788423985e-13
1.859941864039442810e-13
1.844074278284591820e-13
1.828275495546295437e-13
1.812545465510086260e-13
1.796884137532951342e-13
1.781291460651740563e-13
1.765767383591651490e-13
1.750311854774779875e-13
1.734924822328747138e-13
1.719606234095400056e-13
1.704356037639588702e-13
1.689174180258021373e-13
1.674060608988199042e-13
1.659015270617436143e-13
1.644038111691960360e-13
1.629129078526101534e-13
1.614288117211568921e-13
1.599515173626816545e-13
1.584810193446506504e-13
1.570173122151062641e-13
1.555603905036323930e-13
1.541102487223297068e-13
1.526668813668014081e-13
1.512302829171491664e-13
1.498004478389801839e-13
1.483773705844251669e-13
1.469610455931677582e-13
1.455514672934856811e-13
1.441486301033035983e-13
1.427525284312587931e-13
1.413631566777790689e-13
1.399805092361737502e-13
1.386045804937380880e-13
1.372353648328713471e-13
1.358728566322088021e-13
1.345170502677686029e-13
1.331679401141129273e-13
1.318255205455249864e-13
1.304897859372013536e-13
1.291607306664606759e-13
1.278383491139688192e-13
1.265226356649812295e-13
1.252135847106028384e-13
1.239111906490660180e-13
1.226154478870272153e-13
1.213263508408826214e-13
1.200438939381036809e-13
1.187680716185929483e-13
1.174988783360604928e-13
1.162363085594223399e-13
1.149803567742206740e-13
1.137310174840670623e-13
1.124882852121090922e-13
1.112521545025215839e-13
1.100226199220223390e-13
1.087996760614138778e-13
1.075833175371518712e-13
1.063735389929407732e-13
1.051703351013578263e-13
1.039737005655061864e-13
1.027836301206981369e-13
1.016001185361693402e-13
1.004231606168252247e-13
9.925275120502028871e-14
9.808888518237186212e-14
9.693155747160879240e-14
9.578076303845693583e-14
9.463649689356207219e-14
9.349875409445188391e-14
9.236752974753823646e-14
9.124281901016085823e-14
9.012461709267424997e-14
8.901291926057901027e-14
8.790772083669928093e-14
8.680901720340773866e-14
8.571680380490007670e-14
8.463107614952031431e-14
8.355182981213923134e-14
8.247906043658749296e-14
8.141276373814543350e-14
8.035293550609175874e-14
7.929957160631317355e-14
7.825266798397728240e-14
7.721222066627089601e-14
7.617822576520649549e-14
7.515067948049916389e-14
7.412957810251679978e-14
7.311491801530637703e-14
7.210669569969915369e-14
7.110490773649794783e-14
7.010955080974964803e-14
6.912062171010630364e-14
6.813811733827839174e-14
6.716203470858390870e-14
6.619237095259713583e-14
6.522912332290118131e-14
6.427228919694846348e-14
6.332186608103385618e-14
6.237785161438486304e-14
6.144024357337394546e-14
6.050903987585830515e-14
5.958423858565223326e-14
5.866583791713810961e-14
5.775383624002197176e-14
5.684823208423995225e-14
5.594902414502230481e-14
5.505621128812226480e-14
5.416979255521696962e-14
5.328976716948831510e-14
5.241613454139239392e-14
5.154889427462567581e-14
5.068804617229780001e-14
4.983359024332049661e-14
4.898552670902284159e-14
4.814385601000427449e-14
4.730857881323651752e-14
4.647969601942703675e-14
4.565720877065705847e-14
4.484111845830773430e-14
4.403142673128970225e-14
4.322813550459106989e-14
4.243124696816091587e-14
4.164076359614577191e-14
4.085668815649796759e-14
4.007902372097586228e-14
3.930777367555740859e-14
3.854294173128980452e-14
3.778453193559964464e-14
3.703254868408961553e-14
3.628699673284942117e-14
3.554788121131094037e-14
3.481520763567939147e-14
3.408898192297479136e-14
3.336921040572027425e-14
3.265589984731694011e-14
3.194905745814732051e-14
3.124869091245331006e-14
3.055480836603745415e-14
2.986741847484073053e-14
2.918653041445381214e-14
2.851215390062352527e-14
2.784429921082140793e-14
2.718297720694641361e-14
2.652819935924030244e-14
2.587997777150051297e-14
2.523832520768309512e-14
2.460325511999596246e-14
2.397478167859208675e-14
2.335291980298185722e-14
2.273768519529512605e-14
2.212909437553544016e-14
2.152716471898271659e-14
2.093191449591573710e-14
2.034336291384271223e-14
1.976153016244718679e-14
1.918643746147764602e-14
1.861810711183317592e-14
1.805656255012410008e-14
1.750182840701701887e-14
1.695393056970764545e-14
1.641289624890361627e-14
1.587875405074342841e-14
1.535153405412776720e-14
1.483126789399645344e-14
1.431798885114995408e-14
1.381173194928914062e-14
1.331253406003373037e-14
1.282043401677960947e-14
1.233547273837080221e-14
1.185769336369663355e-14
1.138714139848133668e-14
1.092386487571736002e-14
1.046791453140965983e-14
1.001934399755344029e-14
9.578210014570368886e-15
9.144572665788656317e-15
8.718495636983718510e-15
8.300046504515052771e-15
7.889297056222648776e-15
7.486323650009656315e-15
7.091207615972599177e-15
6.704035709091463328e-15
6.324900620919845513e-15
5.953901560499483541e-15
5.591144916970742050e-15
5.236745019205083655e-15
4.890825011444966724e-15
4.553517868674351073e-15
4.224967581643271559e-15
3.905330549679035963e-15
3.594777230425278183e-15
3.293494110620257120e-15
3.001686082698826855e-15
2.719579341041413568e-15
2.447424953264233589e-15
2.185503322734503013e-15
1.934129849544881454e-15
1.693662237329942479e-15
1.464510115900878351e-15
1.247148016329035504e-15
1.042133365525693378e-15
8.501323083606531146e-16
6.719583639287542796e-16
5.086335045670270891e-16
3.614918169117125523e-16
2.323739072926058093e-16
1.240511166855995358e-16
4.143592872318769731e-17
2.092231075208085380e-17
2.092231075208085380e-17
2.092231075208085380e-17
2.092231075208085380e-17
2.092231075208085380e-17
2.092231075208085380e-17
2.092231075208085380e-17
2.092231075208085380e-17
2.092231075208085380e-17
2.092231075208085380e-17
2.092231075208085380e-17
2.092231075208085380e-17
2.092231075208085380e-17
2.092231075208085380e-17
2.092231075208085380e-17
2.092231075208085380e-17
2.092231075208085380e-17
2.092231075208085380e-17
2.092231075208085380e-17
2.092231075208085380e-17
2.092231075208085380e-17
2.092231075208085380e-17
2.092231075208085380e-17
2.092231075208085380e-17
2.092231075208085380e-17
2.092231075208085380e-17
2.092231075208085380e-17
2.092231075208085380e-17
2.092231075208085380e-17
2.092231075208085380e-17
2.092231075208085380e-17
2.092231075208085380e-17
2.092231075208085380e-17
2.092231075208085380e-17
2.092231075208085380e-17
2.092231075208085380e-17
2.092231075208085380e-17
2.092231075208085380e-17
2.092231075208085380e-17
2.092231075208085380e-17
2.092231075208085380e-17
2.092231075208085380e-17
2.092231075208085380e-17
2.092231075208085380e-17
2.092231075208085380e-17
2.092231075208085380e-17
2.092231075208085380e-17
2.092231075208085380e-17
2.092231075208085380e-17
2.092231075208085380e-17
2.092231075208085380e-17
2.092231075208085380e-17
2.092231075208085380e-17
2.092231075208085380e-17
2.092231075208085380e-17
2.092231075208085380e-17
2.092231075208085380e-17
2.092231075208085380e-17
2.092231075208085380e-17
2.092231075208085380e-17
2.092231075208085380e-17
2.092231075208085380e-17
2.092231075208085380e-17
2.092231075208085380e-17
2.092231075208085380e-17
2.092231075208085380e-17
2.092231075208085380e-17
2.092231075208085380e-17
2.092231075208085380e-17
2.092231075208085380e-17
2.092231075208085380e-17
2.092231075208085380e-17
2.092231075208085380e-17
2.092231075208085380e-17
2.092231075208085380e-17
2.092231075208085380e-17
2.092231075208085380e-17
2.092231075208085380e-17
2.092231075208085380e-17
2.092231075208085380e-17
2.092231075208085380e-17
2.092231075208085380e-17
2.092231075208085380e-17
2.092231075208085380e-17
2.092231075208085380e-17
2.092231075208085380e-17
2.092231075208085380e-17
2.092231075208085380e-17
2.092231075208085380e-17
2.092231075208085380e-17
2.092231075208085380e-17
2.092231075208085380e-17
2.092231075208085380e-17
2.092231075208085380e-17
2.092231075208085380e-17
2.092231075208085380e-17
2.092231075208085380e-17
2.092231075208085380e-17
2.092231075208085380e-17
2.092231075208085380e-17
2.092231075208085380e-17
2.092231075208085380e-17
2.092231075208085380e-17
2.092231075208085380e-17
2.092231075208085380e-17
2.092231075208085380e-17
2.092231075208085380e-17
2.092231075208085380e-17
2.092231075208085380e-17
2.092231075208085380e-17
2.092231075208085380e-17
2.092231075208085380e-17
2.092231075208085380e-17
2.092231075208085380e-17
2.092231075208085380e-17
2.092231075208085380e-17
2.092231075208085380e-17
2.092231075208085380e-17
2.092231075208085380e-17
2.092231075208085380e-17
2.092231075208085380e-17
2.092231075208085380e-17
2.092231075208085380e-17
2.092231075208085380e-17
2.092231075208085380e-17
2.092231075208085380e-17
2.092231075208085380e-17
2.092231075208085380e-17
2.092231075208085380e-17
2.092231075208085380e-17
2.092231075208085380e-17
2.092231075208085380e-17
2.092231075208085380e-17
2.092231075208085380e-17
2.092231075208085380e-17
2.092231075208085380e-17
2.092231075208085380e-17
2.092231075208085380e-17
2.092231075208085380e-17
2.092231075208085380e-17
2.092231075208085380e-17
2.092231075208085380e-17
2.092231075208085380e-17
2.092231075208085380e-17
2.092231075208085380e-17
2.092231075208085380e-17
2.092231075208085380e-17
2.092231075208085380e-17
2.092231075208085380e-17
2.092231075208085380e-17
2.092231075208085380e-17
2.092231075208085380e-17
2.092231075208085380e-17
2.092231075208085380e-17
2.092231075208085380e-17
2.092231075208085380e-17
2.092231075208085380e-17
2.092231075208085380e-17
2.092231075208085380e-17
2.092231075208085380e-17
2.092231075208085380e-17
2.092231075208085380e-17
2.092231075208085380e-17
2.092231075208085380e-17
2.092231075208085380e-17
2.092231075208085380e-17
2.092231075208085380e-17
2.092231075208085380e-17
2.092231075208085380e-17
2.092231075208085380e-17
2.092231075208085380e-17
2.092231075208085380e-17
2.092231075208085380e-17
2.092231075208085380e-17
2.092231075208085380e-17
2.092231075208085380e-17
2.092231075208085380e-17
2.092231075208085380e-17
2.092231075208085380e-17
2.092231075208085380e-17
2.092231075208085380e-17
2.092231075208085380e-17
2.092231075208085380e-17
2.092231075208085380e-17
2.092231075208085380e-17
2.092231075208085380e-17
2.092231075208085380e-17
2.092231075208085380e-17
2.092231075208085380e-17
2.092231075208085380e-17
2.092231075208085380e-17
2.092231075208085380e-17
2.092231075208085380e-17
2.092231075208085380e-17
2.092231075208085380e-17
2.092231075208085380e-17
2.092231075208085380e-17
2.092231075208085380e-17
2.092231075208085380e-17
2.092231075208085380e-17
2.092231075208085380e-17
2.092231075208085380e-17
2.092231075208085380e-17
2.092231075208085380e-17
2.092231075208085380e-17
2.092231075208085380e-17
2.092231075208085380e-17
2.092231075208085380e-17
2.092231075208085380e-17
2.092231075208085380e-17
2.092231075208085380e-17
2.092231075208085380e-17
2.092231075208085380e-17
2.092231075208085380e-17
2.092231075208085380e-17
2.092231075208085380e-17
2.092231075208085380e-17
2.092231075208085380e-17
2.092231075208085380e-17
2.092231075208085380e-17
2.092231075208085380e-17
2.092231075208085380e-17
2.092231075208085380e-17
2.092231075208085380e-17
2.092231075208085380e-17
2.092231075208085380e-17
2.092231075208085380e-17
2.092231075208085380e-17
2.092231075208085380e-17
2.092231075208085380e-17
2.092231075208085380e-17
2.092231075208085380e-17
2.092231075208085380e-17
2.092231075208085380e-17
2.092231075208085380e-17
2.092231075208085380e-17
2.092231075208085380e-17
2.092231075208085380e-17
2.092231075208085380e-17
2.092231075208085380e-17
2.092231075208085380e-17
2.092231075208085380e-17
2.092231075208085380e-17
2.092231075208085380e-17
2.092231075208085380e-17
2.092231075208085380e-17
2.092231075208085380e-17
2.092231075208085380e-17
2.092231075208085380e-17
2.092231075208085380e-17
2.092231075208085380e-17
2.092231075208085380e-17
2.092231075208085380e-17
2.092231075208085380e-17
2.092231075208085380e-17
2.092231075208085380e-17
2.092231075208085380e-17
2.092231075208085380e-17
2.092231075208085380e-17
2.092231075208085380e-17
2.092231075208085380e-17
2.092231075208085380e-17
2.092231075208085380e-17
2.092231075208085380e-17
2.092231075208085380e-17
2.092231075208085380e-17
2.092231075208085380e-17
2.092231075208085380e-17
2.092231075208085380e-17
2.092231075208085380e-17
2.092231075208085380e-17
2.092231075208085380e-17
2.092231075208085380e-17
2.092231075208085380e-17
2.092231075208085380e-17
2.092231075208085380e-17
2.092231075208085380e-17
2.092231075208085380e-17
2.092231075208085380e-17
2.092231075208085380e-17
2.092231075208085380e-17
2.092231075208085380e-17
2.092231075208085380e-17
2.092231075208085380e-17
2.092231075208085380e-17
2.092231075208085380e-17
2.092231075208085380e-17
2.092231075208085380e-17
2.092231075208085380e-17
2.092231075208085380e-17
2.092231075208085380e-17
2.092231075208085380e-17
2.092231075208085380e-17
2.092231075208085380e-17
2.092231075208085380e-17
2.092231075208085380e-17
2.092231075208085380e-17
2.092231075208085380e-17
2.092231075208085380e-17
2.092231075208085380e-17
2.092231075208085380e-17
2.092231075208085380e-17
2.092231075208085380e-17
2.092231075208085380e-17
2.092231075208085380e-17
2.092231075208085380e-17
2.092231075208085380e-17
2.092231075208085380e-17
2.092231075208085380e-17
2.092231075208085380e-17
2.092231075208085380e-17
2.092231075208085380e-17
2.092231075208085380e-17
2.092231075208085380e-17
2.092231075208085380e-17
2.092231075208085380e-17
2.092231075208085380e-17
2.092231075208085380e-17
2.092231075208085380e-17
2.092231075208085380e-17
2.092231075208085380e-17
2.092231075208085380e-17
2.092231075208085380e-17
2.092231075208085380e-17
2.092231075208085380e-17
2.092231075208085380e-17
2.092231075208085380e-17
2.092231075208085380e-17
2.092231075208085380e-17
2.092231075208085380e-17
2.092231075208085380e-17
2.092231075208085380e-17
2.092231075208085380e-17
2.092231075208085380e-17
2.092231075208085380e-17
2.092231075208085380e-17
2.092231075208085380e-17
2.092231075208085380e-17
2.092231075208085380e-17
2.092231075208085380e-17
2.092231075208085380e-17
2.092231075208085380e-17
2.092231075208085380e-17
2.092231075208085380e-17
2.092231075208085380e-17
2.092231075208085380e-17
2.092231075208085380e-17
2.092231075208085380e-17
2.092231075208085380e-17
2.092231075208085380e-17
2.092231075208085380e-17
2.092231075208085380e-17
2.092231075208085380e-17
2.092231075208085380e-17
2.092231075208085380e-17
2.092231075208085380e-17
2.092231075208085380e-17
2.092231075208085380e-17
2.092231075208085380e-17
2.092231075208085380e-17
2.092231075208085380e-17
2.092231075208085380e-17
2.092231075208085380e-17
2.092231075208085380e-17
2.092231075208085380e-17
2.092231075208085380e-17
2.092231075208085380e-17
2.092231075208085380e-17
2.092231075208085380e-17
2.092231075208085380e-17
2.092231075208085380e-17
2.092231075208085380e-17
2.092231075208085380e-17
2.092231075208085380e-17
2.092231075208085380e-17
2.092231075208085380e-17
2.092231075208085380e-17
2.092231075208085380e-17
2.092231075208085380e-17
2.092231075208085380e-17
2.092231075208085380e-17
2.092231075208085380e-17
2.092231075208085380e-17
2.092231075208085380e-17
2.092231075208085380e-17
2.092231075208085380e-17
2.092231075208085380e-17
2.092231075208085380e-17
2.092231075208085380e-17
2.092231075208085380e-17
2.092231075208085380e-17
2.092231075208085380e-17
2.092231075208085380e-17
2.092231075208085380e-17
2.092231075208085380e-17
2.092231075208085380e-17
2.092231075208085380e-17
2.092231075208085380e-17
2.092231075208085380e-17
2.092231075208085380e-17
2.092231075208085380e-17
2.092231075208085380e-17
2.092231075208085380e-17
2.092231075208085380e-17
2.092231075208085380e-17
2.092231075208085380e-17
2.092231075208085380e-17
2.092231075208085380e-17
2.092231075208085380e-17
2.092231075208085380e-17
2.092231075208085380e-17
2.092231075208085380e-17
2.092231075208085380e-17
2.092231075208085380e-17
2.092231075208085380e-17
2.092231075208085380e-17
2.092231075208085380e-17
2.092231075208085380e-17
2.092231075208085380e-17
2.092231075208085380e-17
2.092231075208085380e-17
2.092231075208085380e-17
2.092231075208085380e-17
2.092231075208085380e-17
2.092231075208085380e-17
2.092231075208085380e-17
2.092231075208085380e-17
2.092231075208085380e-17
2.092231075208085380e-17
2.092231075208085380e-17
2.092231075208085380e-17
2.092231075208085380e-17
2.092231075208085380e-17
2.092231075208085380e-17
2.092231075208085380e-17
2.092231075208085380e-17
2.092231075208085380e-17
2.092231075208085380e-17
2.092231075208085380e-17
2.092231075208085380e-17
2.092231075208085380e-17
2.092231075208085380e-17
2.092231075208085380e-17
2.092231075208085380e-17
2.092231075208085380e-17
2.092231075208085380e-17
2.092231075208085380e-17
2.092231075208085380e-17
2.092231075208085380e-17
2.092231075208085380e-17
2.092231075208085380e-17
2.092231075208085380e-17
2.092231075208085380e-17
2.092231075208085380e-17
2.092231075208085380e-17
2.092231075208085380e-17
2.092231075208085380e-17
2.092231075208085380e-17
2.092231075208085380e-17
2.092231075208085380e-17
2.092231075208085380e-17
2.092231075208085380e-17
2.092231075208085380e-17
2.092231075208085380e-17
2.092231075208085380e-17
2.092231075208085380e-17
2.092231075208085380e-17
2.092231075208085380e-17
2.092231075208085380e-17
2.092231075208085380e-17
2.092231075208085380e-17
2.092231075208085380e-17
2.092231075208085380e-17
2.092231075208085380e-17
2.092231075208085380e-17
2.092231075208085380e-17
2.092231075208085380e-17
2.092231075208085380e-17
2.092231075208085380e-17
2.092231075208085380e-17
2.092231075208085380e-17
2.092231075208085380e-17
2.092231075208085380e-17
2.092231075208085380e-17
2.092231075208085380e-17
2.092231075208085380e-17
2.092231075208085380e-17
2.092231075208085380e-17
2.092231075208085380e-17
2.092231075208085380e-17
2.092231075208085380e-17
2.092231075208085380e-17
2.092231075208085380e-17
2.092231075208085380e-17
2.092231075208085380e-17
2.092231075208085380e-17
2.092231075208085380e-17
2.092231075208085380e-17
2.092231075208085380e-17
2.092231075208085380e-17
2.092231075208085380e-17
2.092231075208085380e-17
2.092231075208085380e-17
2.092231075208085380e-17
2.092231075208085380e-17
2.092231075208085380e-17
2.092231075208085380e-17
2.092231075208085380e-17
2.092231075208085380e-17
2.092231075208085380e-17
2.092231075208085380e-17
2.092231075208085380e-17
2.092231075208085380e-17
2.092231075208085380e-17
2.092231075208085380e-17
2.092231075208085380e-17
2.092231075208085380e-17
2.092231075208085380e-17
2.092231075208085380e-17
2.092231075208085380e-17
2.092231075208085380e-17
2.092231075208085380e-17
2.092231075208085380e-17
2.092231075208085380e-17
2.092231075208085380e-17
2.092231075208085380e-17
2.092231075208085380e-17
2.092231075208085380e-17
2.092231075208085380e-17
2.092231075208085380e-17
2.092231075208085380e-17
2.092231075208085380e-17
2.092231075208085380e-17
2.092231075208085380e-17
2.092231075208085380e-17
2.092231075208085380e-17
2.092231075208085380e-17
2.092231075208085380e-17
2.092231075208085380e-17
2.092231075208085380e-17
2.092231075208085380e-17
2.092231075208085380e-17
2.092231075208085380e-17
2.092231075208085380e-17
2.092231075208085380e-17
2.092231075208085380e-17
2.092231075208085380e-17
2.092231075208085380e-17
2.092231075208085380e-17
2.092231075208085380e-17
2.092231075208085380e-17
2.092231075208085380e-17
2.092231075208085380e-17
2.092231075208085380e-17
2.092231075208085380e-17
2.092231075208085380e-17
2.092231075208085380e-17
2.092231075208085380e-17
2.092231075208085380e-17
2.092231075208085380e-17
2.092231075208085380e-17
2.092231075208085380e-17
2.092231075208085380e-17
2.092231075208085380e-17
2.092231075208085380e-17
2.092231075208085380e-17
2.092231075208085380e-17
2.092231075208085380e-17
2.092231075208085380e-17
2.092231075208085380e-17
2.092231075208085380e-17
2.092231075208085380e-17
2.092231075208085380e-17
2.092231075208085380e-17
2.092231075208085380e-17
2.092231075208085380e-17
2.092231075208085380e-17
2.092231075208085380e-17
2.092231075208085380e-17
2.092231075208085380e-17
2.092231075208085380e-17
2.092231075208085380e-17
2.092231075208085380e-17
2.092231075208085380e-17
2.092231075208085380e-17
2.092231075208085380e-17
2.092231075208085380e-17
2.092231075208085380e-17
2.092231075208085380e-17
2.092231075208085380e-17
2.092231075208085380e-17
2.092231075208085380e-17
2.092231075208085380e-17
2.092231075208085380e-17
2.092231075208085380e-17
2.092231075208085380e-17
2.092231075208085380e-17
2.092231075208085380e-17
2.092231075208085380e-17
2.092231075208085380e-17
2.092231075208085380e-17
2.092231075208085380e-17
2.092231075208085380e-17
2.092231075208085380e-17
2.092231075208085380e-17
2.092231075208085380e-17
2.092231075208085380e-17
2.092231075208085380e-17
2.092231075208085380e-17
2.092231075208085380e-17
2.092231075208085380e-17
2.092231075208085380e-17
2.092231075208085380e-17
2.092231075208085380e-17
2.092231075208085380e-17
2.092231075208085380e-17
2.092231075208085380e-17
2.092231075208085380e-17
2.092231075208085380e-17
2.092231075208085380e-17
2.092231075208085380e-17
2.092231075208085380e-17
2.092231075208085380e-17
2.092231075208085380e-17
2.092231075208085380e-17
2.092231075208085380e-17
2.092231075208085380e-17
2.092231075208085380e-17
2.092231075208085380e-17
2.092231075208085380e-17
2.092231075208085380e-17
2.092231075208085380e-17
2.092231075208085380e-17
2.092231075208085380e-17
2.092231075208085380e-17
2.092231075208085380e-17
2.092231075208085380e-17
2.092231075208085380e-17
2.092231075208085380e-17
2.092231075208085380e-17
2.092231075208085380e-17
2.092231075208085380e-17
2.092231075208085380e-17
2.092231075208085380e-17
2.092231075208085380e-17
2.092231075208085380e-17
2.092231075208085380e-17
2.092231075208085380e-17
2.092231075208085380e-17
2.092231075208085380e-17
2.092231075208085380e-17
2.092231075208085380e-17
2.092231075208085380e-17
2.092231075208085380e-17
2.092231075208085380e-17
2.092231075208085380e-17
2.092231075208085380e-17
2.092231075208085380e-17
2.092231075208085380e-17
2.092231075208085380e-17
2.092231075208085380e-17
2.092231075208085380e-17
2.092231075208085380e-17
2.092231075208085380e-17
2.092231075208085380e-17
2.092231075208085380e-17
2.092231075208085380e-17
2.092231075208085380e-17
2.092231075208085380e-17
2.092231075208085380e-17
2.092231075208085380e-17
2.092231075208085380e-17
2.092231075208085380e-17
2.092231075208085380e-17
2.092231075208085380e-17
2.092231075208085380e-17
2.092231075208085380e-17
2.092231075208085380e-17
2.092231075208085380e-17
2.092231075208085380e-17
2.092231075208085380e-17
2.092231075208085380e-17
2.092231075208085380e-17
2.092231075208085380e-17
2.092231075208085380e-17
2.092231075208085380e-17
2.092231075208085380e-17
2.092231075208085380e-17
2.092231075208085380e-17
2.092231075208085380e-17
2.092231075208085380e-17
2.092231075208085380e-17
2.092231075208085380e-17
2.092231075208085380e-17
2.092231075208085380e-17
2.092231075208085380e-17
2.092231075208085380e-17
2.092231075208085380e-17
2.092231075208085380e-17
2.092231075208085380e-17
2.092231075208085380e-17
2.092231075208085380e-17
2.092231075208085380e-17
2.092231075208085380e-17
2.092231075208085380e-17
2.092231075208085380e-17
2.092231075208085380e-17
2.092231075208085380e-17
2.092231075208085380e-17
2.092231075208085380e-17
2.092231075208085380e-17
2.092231075208085380e-17
2.092231075208085380e-17
2.092231075208085380e-17
2.092231075208085380e-17
2.092231075208085380e-17
2.092231075208085380e-17
2.092231075208085380e-17
2.092231075208085380e-17
2.092231075208085380e-17
2.092231075208085380e-17
2.092231075208085380e-17
2.092231075208085380e-17
2.092231075208085380e-17
2.092231075208085380e-17
2.092231075208085380e-17
2.092231075208085380e-17
2.092231075208085380e-17
2.092231075208085380e-17
2.092231075208085380e-17
2.092231075208085380e-17
2.092231075208085380e-17
2.092231075208085380e-17
2.092231075208085380e-17
2.092231075208085380e-17
2.092231075208085380e-17
2.092231075208085380e-17
2.092231075208085380e-17
2.092231075208085380e-17
2.092231075208085380e-17
2.092231075208085380e-17
2.092231075208085380e-17
2.092231075208085380e-17
2.092231075208085380e-17
2.092231075208085380e-17
2.092231075208085380e-17
2.092231075208085380e-17
2.092231075208085380e-17
2.092231075208085380e-17
2.092231075208085380e-17
2.092231075208085380e-17
2.092231075208085380e-17
2.092231075208085380e-17
2.092231075208085380e-17
2.092231075208085380e-17
2.092231075208085380e-17
2.092231075208085380e-17
2.092231075208085380e-17
2.092231075208085380e-17
2.092231075208085380e-17
2.092231075208085380e-17
2.092231075208085380e-17
2.092231075208085380e-17
2.092231075208085380e-17
2.092231075208085380e-17
2.092231075208085380e-17
2.092231075208085380e-17
2.092231075208085380e-17
2.092231075208085380e-17
2.092231075208085380e-17
2.092231075208085380e-17
2.092231075208085380e-17
2.092231075208085380e-17
2.092231075208085380e-17
2.092231075208085380e-17
2.092231075208085380e-17
2.092231075208085380e-17
2.092231075208085380e-17
2.092231075208085380e-17
2.092231075208085380e-17
2.092231075208085380e-17
2.092231075208085380e-17
2.092231075208085380e-17
2.092231075208085380e-17
2.092231075208085380e-17
2.092231075208085380e-17
2.092231075208085380e-17
2.092231075208085380e-17
2.092231075208085380e-17
2.092231075208085380e-17
2.092231075208085380e-17
2.092231075208085380e-17
2.092231075208085380e-17
2.092231075208085380e-17
2.092231075208085380e-17
2.092231075208085380e-17
2.092231075208085380e-17
2.092231075208085380e-17
2.092231075208085380e-17
2.092231075208085380e-17
2.092231075208085380e-17
2.092231075208085380e-17
2.092231075208085380e-17
2.092231075208085380e-17
2.092231075208085380e-17
2.092231075208085380e-17
2.092231075208085380e-17
2.092231075208085380e-17
2.092231075208085380e-17
2.092231075208085380e-17
2.092231075208085380e-17
2.092231075208085380e-17
2.092231075208085380e-17
2.092231075208085380e-17
2.092231075208085380e-17
2.092231075208085380e-17
2.092231075208085380e-17
2.092231075208085380e-17
2.092231075208085380e-17
2.092231075208085380e-17
2.092231075208085380e-17
2.092231075208085380e-17
2.092231075208085380e-17
2.092231075208085380e-17
2.092231075208085380e-17
2.092231075208085380e-17
2.092231075208085380e-17
2.092231075208085380e-17
2.092231075208085380e-17
2.092231075208085380e-17
2.092231075208085380e-17
2.092231075208085380e-17
2.092231075208085380e-17
2.092231075208085380e-17
2.092231075208085380e-17
2.092231075208085380e-17
2.092231075208085380e-17
2.092231075208085380e-17
2.092231075208085380e-17
2.092231075208085380e-17
2.092231075208085380e-17
2.092231075208085380e-17
2.092231075208085380e-17
2.092231075208085380e-17
2.092231075208085380e-17
2.092231075208085380e-17
2.092231075208085380e-17
2.092231075208085380e-17
2.092231075208085380e-17
2.092231075208085380e-17
2.092231075208085380e-17
2.092231075208085380e-17
2.092231075208085380e-17
2.092231075208085380e-17
2.092231075208085380e-17
2.092231075208085380e-17
2.092231075208085380e-17
2.092231075208085380e-17
2.092231075208085380e-17
2.092231075208085380e-17
2.092231075208085380e-17
2.092231075208085380e-17
2.092231075208085380e-17
2.092231075208085380e-17
2.092231075208085380e-17
2.092231075208085380e-17
2.092231075208085380e-17
2.092231075208085380e-17
2.092231075208085380e-17
2.092231075208085380e-17
2.092231075208085380e-17
2.092231075208085380e-17
2.092231075208085380e-17
2.092231075208085380e-17
2.092231075208085380e-17
2.092231075208085380e-17
2.092231075208085380e-17
2.092231075208085380e-17
2.092231075208085380e-17
2.092231075208085380e-17
2.092231075208085380e-17
2.092231075208085380e-17
2.092231075208085380e-17
2.092231075208085380e-17
2.092231075208085380e-17
2.092231075208085380e-17
2.092231075208085380e-17
2.092231075208085380e-17
2.092231075208085380e-17
2.092231075208085380e-17
2.092231075208085380e-17
2.092231075208085380e-17
2.092231075208085380e-17
2.092231075208085380e-17
2.092231075208085380e-17
2.092231075208085380e-17
2.092231075208085380e-17
2.092231075208085380e-17
2.092231075208085380e-17
2.092231075208085380e-17
2.092231075208085380e-17
2.092231075208085380e-17
2.092231075208085380e-17
2.092231075208085380e-17
2.092231075208085380e-17
2.092231075208085380e-17
2.092231075208085380e-17
2.092231075208085380e-17
2.092231075208085380e-17
2.092231075208085380e-17
2.092231075208085380e-17
2.092231075208085380e-17
2.092231075208085380e-17
2.092231075208085380e-17
2.092231075208085380e-17
2.092231075208085380e-17
2.092231075208085380e-17
2.092231075208085380e-17
2.092231075208085380e-17
2.092231075208085380e-17
2.092231075208085380e-17
2.092231075208085380e-17
2.092231075208085380e-17
2.092231075208085380e-17
2.092231075208085380e-17
2.092231075208085380e-17
2.092231075208085380e-17
2.092231075208085380e-17
2.092231075208085380e-17
2.092231075208085380e-17
2.092231075208085380e-17
2.092231075208085380e-17
2.092231075208085380e-17
2.092231075208085380e-17
2.092231075208085380e-17
2.092231075208085380e-17
2.092231075208085380e-17
2.092231075208085380e-17
2.092231075208085380e-17
2.092231075208085380e-17
2.092231075208085380e-17
2.092231075208085380e-17
2.092231075208085380e-17
2.092231075208085380e-17
2.092231075208085380e-17
2.092231075208085380e-17
2.092231075208085380e-17
2.092231075208085380e-17
2.092231075208085380e-17
2.092231075208085380e-17
2.092231075208085380e-17
2.092231075208085380e-17
2.092231075208085380e-17
2.092231075208085380e-17
2.092231075208085380e-17
2.092231075208085380e-17
