1.620482903905363863e-12
1.620481212344613709e-12
1.620477130679923659e-12
1.620470358959131480e-12
1.620460884155136311e-12
1.620448704056132119e-12
1.620433818082236212e-12
1.620416226068160295e-12
1.620395927993338751e-12
1.620372923901940116e-12
1.620347213874158502e-12
1.620318798014398802e-12
1.620287676445880233e-12
1.620253849307965966e-12
1.620217316754748278e-12
1.620178078954260954e-12
1.620136136088015006e-12
1.620091488350718371e-12
1.620044135950098799e-12
1.619994079106787735e-12
1.619941318054244186e-12
1.619885853038699785e-12
1.619827684319123860e-12
1.619766812167193747e-12
1.619703236867276409e-12
1.619636958716411474e-12
1.619567978024301341e-12
1.619496295113299265e-12
1.619421910318403095e-12
1.619344823987246792e-12
1.619265036480095381e-12
1.619182548169839500e-12
1.619097359441990955e-12
1.619009470694676660e-12
1.618918882338634807e-12
1.618825594797211222e-12
1.618729608506355330e-12
1.618630923914614100e-12
1.618529541483130424e-12
1.618425461685637261e-12
1.618318685008454411e-12
1.618209211950483460e-12
1.618097043023204754e-12
1.617982178750672351e-12
1.617864619669509171e-12
1.617744366328903970e-12
1.617621419290605887e-12
1.617495779128919595e-12
1.617367446430701870e-12
1.617236421795355328e-12
1.617102705834824796e-12
1.616966299173591850e-12
1.616827202448669776e-12
1.616685416309598515e-12
1.616540941418439816e-12
1.616393778449771790e-12
1.616243928090682640e-12
1.616091391040766632e-12
1.615936168012117825e-12
1.615778259729323616e-12
1.615617666929460899e-12
1.615454390362087991e-12
1.615288430789240385e-12
1.615119788985423688e-12
1.614948465737607759e-12
1.614774461845220655e-12
1.614597778120142572e-12
1.614418415386698167e-12
1.614236374481651110e-12
1.614051656254197215e-12
1.613864261565957375e-12
1.613674191290971497e-12
1.613481446315690029e-12
1.613286027538969309e-12
1.613087935872062073e-12
1.612887172238610997e-12
1.612683737574642435e-12
1.612477632828557935e-12
1.612268858961126565e-12
1.612057416945477851e-12
1.611843307767093891e-12
1.611626532423801487e-12
1.611407091925764468e-12
1.611184987295475613e-12
1.610960219567747764e-12
1.610732789789707564e-12
1.610502699020784356e-12
1.610269948332704319e-12
1.610034538809481588e-12
1.609796471547407548e-12
1.609555747655045180e-12
1.609312368253217751e-12
1.609066334475001545e-12
1.608817647465716575e-12
1.608566308382916884e-12
1.608312318396382273e-12
1.608055678688108195e-12
1.607796390452296877e-12
1.607534454895348025e-12
1.607269873235848931e-12
1.607002646704564980e-12
1.606732776544429959e-12
1.606460264010536360e-12
1.606185110370125488e-12
1.605907316902576352e-12
1.605626884899397384e-12
1.605343815664214929e-12
1.605058110512763757e-12
1.604769770772875544e-12
1.604478797784470197e-12
1.604185192899543125e-12
1.603888957482156152e-12
1.603590092908426414e-12
1.603288600566515046e-12
1.602984481856616076e-12
1.602677738190946530e-12
1.602368370993734919e-12
1.602056381701208316e-12
1.601741771761583877e-12
1.601424542635054697e-12
1.601104695793780527e-12
1.600782232721874243e-12
1.600457154915392148e-12
1.600129463882320244e-12
1.599799161142563526e-12
1.599466248227933665e-12
1.599130726682137497e-12
1.598792598060764096e-12
1.598451863931272052e-12
1.598108525872978974e-12
1.597762585477047345e-12
1.597414044346473223e-12
1.597062904096072499e-12
1.596709166352468788e-12
1.596352832754080700e-12
1.595993904951109325e-12
1.595632384605523484e-12
1.595268273391049638e-12
1.594901572993155932e-12
1.594532285109040276e-12
1.594160411447617225e-12
1.593785953729503636e-12
1.593408913687005947e-12
1.593029293064106647e-12
1.592647093616449734e-12
1.592262317111327185e-12
1.591874965327666233e-12
1.591485040056013619e-12
1.591092543098523266e-12
1.590697476268940734e-12
1.590299841392590093e-12
1.589899640306358371e-12
1.589496874858682428e-12
1.589091546909534217e-12
1.588683658330405832e-12
1.588273211004294574e-12
1.587860206825687999e-12
1.587444647700551804e-12
1.587026535546310237e-12
1.586605872291835598e-12
1.586182659877430062e-12
1.585756900254812148e-12
1.585328595387100360e-12
1.584897747248799459e-12
1.584464357825782890e-12
1.584028429115278645e-12
1.583589963125853918e-12
1.583148961877397330e-12
1.582705427401106816e-12
1.582259361739470031e-12
1.581810766946250220e-12
1.581359645086470056e-12
1.580905998236395892e-12
1.580449828483520391e-12
1.579991137926547180e-12
1.579529928675374490e-12
1.579066202851077388e-12
1.578599962585894444e-12
1.578131210023206529e-12
1.577659947317523689e-12
1.577186176634467976e-12
1.576709900150754067e-12
1.576231120054175322e-12
1.575749838543585614e-12
1.575266057828881355e-12
1.574779780130984933e-12
1.574291007681828562e-12
1.573799742724335493e-12
1.573305987512402452e-12
1.572809744310882874e-12
1.572311015395569535e-12
1.571809803053176178e-12
1.571306109581319940e-12
1.570799937288503585e-12
1.570291288494097120e-12
1.569780165528321849e-12
1.569266570732228554e-12
1.568750506457683165e-12
1.568231975067345348e-12
1.567710978934652957e-12
1.567187520443801434e-12
1.566661601989726848e-12
1.566133225978086100e-12
1.565602394825239761e-12
1.565069110958231473e-12
1.564533376814771588e-12
1.563995194843214956e-12
1.563454567502546184e-12
1.562911497262356814e-12
1.562365986602827954e-12
1.561818038014711704e-12
1.561267653999310752e-12
1.560714837068458992e-12
1.560159589744503148e-12
1.559601914560282573e-12
1.559041814059109868e-12
1.558479290794750885e-12
1.557914347331405948e-12
1.557346986243689052e-12
1.556777210116608476e-12
1.556205021545547598e-12
1.555630423136242677e-12
1.555053417504765898e-12
1.554474007277501936e-12
1.553892195091131000e-12
1.553307983592606007e-12
1.552721375439132191e-12
1.552132373298149529e-12
1.551540979847309114e-12
1.550947197774453769e-12
1.550351029777597651e-12
1.549752478564905446e-12
1.549151546854670564e-12
1.548548237375295548e-12
1.547942552865270867e-12
1.547334496073153311e-12
1.546724069757545187e-12
1.546111276687073928e-12
1.545496119640369062e-12
1.544878601406043439e-12
1.544258724782668994e-12
1.543636492578757963e-12
1.543011907612740069e-12
1.542384972712940099e-12
1.541755690717558322e-12
1.541124064474647460e-12
1.540490096842091083e-12
1.539853790687581801e-12
1.539215148888599246e-12
1.538574174332388670e-12
1.537930869915938122e-12
1.537285238545957044e-12
1.536637283138853246e-12
1.535987006620711705e-12
1.535334411927271135e-12
1.534679502003902583e-12
1.534022279805586408e-12
1.533362748296890264e-12
1.532700910451945276e-12
1.532036769254425840e-12
1.531370327697523777e-12
1.530701588783928136e-12
1.530030555525801367e-12
1.529357230944756092e-12
1.528681618071832694e-12
1.528003719947476494e-12
1.527323539621513719e-12
1.526641080153128886e-12
1.525956344610842383e-12
1.525269336072485428e-12
1.524580057625178867e-12
1.523888512365307523e-12
1.523194703398499196e-12
1.522498633839597801e-12
1.521800306812643985e-12
1.521099725450847658e-12
1.520396892896567195e-12
1.519691812301283385e-12
1.518984486825577010e-12
1.518274919639104819e-12
1.517563113920574687e-12
1.516849072857723398e-12
1.516132799647289787e-12
1.515414297494994143e-12
1.514693569615510742e-12
1.513970619232446038e-12
1.513245449578312005e-12
1.512518063894504933e-12
1.511788465431277962e-12
1.511056657447718060e-12
1.510322643211722195e-12
1.509586425999971078e-12
1.508848009097904935e-12
1.508107395799700277e-12
1.507364589408244254e-12
1.506619593235108204e-12
1.505872410600525433e-12
1.505123044833364964e-12
1.504371499271107102e-12
1.503617777259816980e-12
1.502861882154121936e-12
1.502103817317183849e-12
1.501343586120676524e-12
1.500581191944757412e-12
1.499816638178045201e-12
1.499049928217592952e-12
1.498281065468862856e-12
1.497510053345700792e-12
1.496736895270311685e-12
1.495961594673232852e-12
1.495184154993308553e-12
1.494404579677664348e-12
1.493622872181683061e-12
1.492839035968975704e-12
1.492053074511359458e-12
1.491264991288828600e-12
1.490474789789530060e-12
1.489682473509737984e-12
1.488888045953826864e-12
1.488091510634245699e-12
1.487292871071491938e-12
1.486492130794085227e-12
1.485689293338541562e-12
1.484884362249346628e-12
1.484077341078929349e-12
1.483268233387636842e-12
1.482457042743706750e-12
1.481643772723240389e-12
1.480828426910178302e-12
1.480011008896271390e-12
1.479191522281056269e-12
1.478369970671827605e-12
1.477546357683610849e-12
1.476720686939137805e-12
1.475892962068817746e-12
1.475063186710711368e-12
1.474231364510503726e-12
1.473397499121478182e-12
1.472561594204488742e-12
1.471723653427932182e-12
1.470883680467724019e-12
1.470041679007268018e-12
1.469197652737430944e-12
1.468351605356515305e-12
1.467503540570232486e-12
1.466653462091674282e-12
1.465801373641286839e-12
1.464947278946842386e-12
1.464091181743413387e-12
1.463233085773343857e-12
1.462372994786221704e-12
1.461510912538852873e-12
1.460646842795231864e-12
1.459780789326516692e-12
1.458912755910998591e-12
1.458042746334075564e-12
1.457170764388225516e-12
1.456296813872978395e-12
1.455420898594886496e-12
1.454543022367499830e-12
1.453663189011335023e-12
1.452781402353851077e-12
1.451897666229417671e-12
1.451011984479289712e-12
1.450124360951580274e-12
1.449234799501229295e-12
1.448343303989978540e-12
1.447449878286342111e-12
1.446554526265579186e-12
1.445657251809665344e-12
1.444758058807263886e-12
1.443856951153699583e-12
1.442953932750928181e-12
1.442049007507509342e-12
1.441142179338579377e-12
1.440233452165820150e-12
1.439322829917433428e-12
1.438410316528110792e-12
1.437495915939006978e-12
1.436579632097709386e-12
1.435661468958210411e-12
1.434741430480880178e-12
1.433819520632436052e-12
1.432895743385915777e-12
1.431970102720647788e-12
1.431042602622222738e-12
1.430113247082465024e-12
1.429182040099404715e-12
1.428248985677247662e-12
1.427314087826347632e-12
1.426377350563177430e-12
1.425438777910300016e-12
1.424498373896339831e-12
1.423556142555953113e-12
1.422612087929800226e-12
1.421666214064516581e-12
1.420718525012682950e-12
1.419769024832797395e-12
1.418817717589245176e-12
1.417864607352271291e-12
1.416909698197950580e-12
1.415952994208158046e-12
1.414994499470541586e-12
1.414034218078490695e-12
1.413072154131109601e-12
1.412108311733186168e-12
1.411142694995164027e-12
1.410175308033112889e-12
1.409206154968699466e-12
1.408235239929158184e-12
1.407262567047261505e-12
1.406288140461291844e-12
1.405311964315011089e-12
1.404334042757631709e-12
1.403354379943787884e-12
1.402372980033505212e-12
1.401389847192172431e-12
1.400404985590511133e-12
1.399418399404546679e-12
1.398430092815578716e-12
1.397440070010151896e-12
1.396448335180026591e-12
1.395454892522148198e-12
1.394459746238619675e-12
1.393462900536670843e-12
1.392464359628628094e-12
1.391464127731886120e-12
1.390462209068878224e-12
1.389458607867046031e-12
1.388453328358810606e-12
1.387446374781541961e-12
1.386437751377530381e-12
1.385427462393956126e-12
1.384415512082860558e-12
1.383401904701115240e-12
1.382386644510393059e-12
1.381369735777138940e-12
1.380351182772539155e-12
1.379330989772491633e-12
1.378309161057576879e-12
1.377285700913028897e-12
1.376260613628702672e-12
1.375233903499047720e-12
1.374205574823076173e-12
1.373175631904333503e-12
1.372144079050868631e-12
1.371110920575204845e-12
1.370076160794308301e-12
1.369039804029560954e-12
1.368001854606726841e-12
1.366962316855926225e-12
1.365921195111602480e-12
1.364878493712494423e-12
1.363834217001605815e-12
1.362788369326173867e-12
1.361740955037642168e-12
1.360691978491628785e-12
1.359641444047896169e-12
1.358589356070322883e-12
1.357535718926872098e-12
1.356480536989562514e-12
1.355423814634438065e-12
1.354365556241537427e-12
1.353305766194865540e-12
1.352244448882362716e-12
1.351181608695873735e-12
1.350117250031119777e-12
1.349051377287666917e-12
1.347983994868896842e-12
1.346915107181977169e-12
1.345844718637830337e-12
1.344772833651104938e-12
1.343699456640144006e-12
1.342624592026957353e-12
1.341548244237189256e-12
1.340470417700089579e-12
1.339391116848484691e-12
1.338310346118744549e-12
1.337228109950756245e-12
1.336144412787891894e-12
1.335059259076977735e-12
1.333972653268267073e-12
1.332884599815407357e-12
1.331795103175411913e-12
1.330704167808629242e-12
1.329611798178713541e-12
1.328517998752593799e-12
1.327422774000444519e-12
1.326326128395655022e-12
1.325228066414800362e-12
1.324128592537610635e-12
1.323027711246941491e-12
1.321925427028743036e-12
1.320821744372031558e-12
1.319716667768858023e-12
1.318610201714278391e-12
1.317502350706324531e-12
1.316393119245973124e-12
1.315282511837116180e-12
1.314170532986531145e-12
1.313057187203850815e-12
1.311942479001532638e-12
1.310826412894830844e-12
1.309708993401763934e-12
1.308590225043086608e-12
1.307470112342258057e-12
1.306348659825414703e-12
1.305225872021337079e-12
1.304101753461422967e-12
1.302976308679654486e-12
1.301849542212570620e-12
1.300721458599236528e-12
1.299592062381212843e-12
1.298461358102527000e-12
1.297329350309642738e-12
1.296196043551430415e-12
1.295061442379136515e-12
1.293925551346354967e-12
1.292788375008996658e-12
1.291649917925259538e-12
1.290510184655598532e-12
1.289369179762697270e-12
1.288226907811435769e-12
1.287083373368862975e-12
1.285938581004165860e-12
1.284792535288639334e-12
1.283645240795658172e-12
1.282496702100644504e-12
1.281346923781041759e-12
1.280195910416281147e-12
1.279043666587755400e-12
1.277890196878785455e-12
1.276735505874594804e-12
1.275579598162276375e-12
1.274422478330765472e-12
1.273264150970807865e-12
1.272104620674932329e-12
1.270943892037420144e-12
1.269781969654274404e-12
1.268618858123192549e-12
1.267454562043535469e-12
1.266289086016297614e-12
1.265122434644079528e-12
1.263954612531056147e-12
1.262785624282947715e-12
1.261615474506992119e-12
1.260444167811912574e-12
1.259271708807890568e-12
1.258098102106536371e-12
1.256923352320857334e-12
1.255747464065231227e-12
1.254570441955374538e-12
1.253392290608316017e-12
1.252213014642364763e-12
1.251032618677081554e-12
1.249851107333250773e-12
1.248668485232849508e-12
1.247484756999019487e-12
1.246299927256037588e-12
1.245114000629286354e-12
1.243926981745224920e-12
1.242738875231360126e-12
1.241549685716217237e-12
1.240359417829311068e-12
1.239168076201116292e-12
1.237975665463039171e-12
1.236782190247387263e-12
1.235587655187342563e-12
1.234392064916930200e-12
1.233195424070990769e-12
1.231997737285151658e-12
1.230799009195796752e-12
1.229599244440039377e-12
1.228398447655691596e-12
1.227196623481236550e-12
1.225993776555799371e-12
1.224789911519118511e-12
1.223585033011516252e-12
1.222379145673871247e-12
1.221172254147588425e-12
1.219964363074571526e-12
1.218755477097193216e-12
1.217545600858268025e-12
1.216334739001022656e-12
1.215122896169066306e-12
1.213910077006365216e-12
1.212696286157211166e-12
1.211481528266194215e-12
1.210265807978175437e-12
1.209049129938255214e-12
1.207831498791748398e-12
1.206612919184153614e-12
1.205393395761126199e-12
1.204172933168448716e-12
1.202951536052003897e-12
1.201729209057744951e-12
1.200505956831669720e-12
1.199281784019788970e-12
1.198056695268101754e-12
1.196830695222564311e-12
1.195603788529065229e-12
1.194375979833393534e-12
1.193147273781213448e-12
1.191917675018036117e-12
1.190687188189189519e-12
1.189455817939793828e-12
1.188223568914730313e-12
1.186990445758615689e-12
1.185756453115772837e-12
1.184521595630203945e-12
1.183285877945562435e-12
1.182049304705124692e-12
1.180811880551763405e-12
1.179573610127919095e-12
1.178334498075572647e-12
1.177094549036217241e-12
1.175853767650831696e-12
1.174612158559852800e-12
1.173369726403147039e-12
1.172126475819983333e-12
1.170882411449006583e-12
1.169637537928209193e-12
1.168391859894903407e-12
1.167145381985695658e-12
1.165898108836457690e-12
1.164650045082299903e-12
1.163401195357544290e-12
1.162151564295696972e-12
1.160901156529421340e-12
1.159649976690509782e-12
1.158398029409858842e-12
1.157145319317440746e-12
1.155891851042276140e-12
1.154637629212407836e-12
1.153382658454873750e-12
1.152126943395679640e-12
1.150870488659773257e-12
1.149613298871016475e-12
1.148355378652158836e-12
1.147096732624811499e-12
1.145837365409418968e-12
1.144577281625234856e-12
1.143316485890292807e-12
1.142054982821381856e-12
1.140792777034019370e-12
1.139529873142422976e-12
1.138266275759487134e-12
1.137001989496753857e-12
1.135737018964388878e-12
1.134471368771152574e-12
1.133205043524376937e-12
1.131938047829936098e-12
1.130670386292223096e-12
1.129402063514121405e-12
1.128133084096979894e-12
1.126863452640587181e-12
1.125593173743144970e-12
1.124322252001241400e-12
1.123050692009827412e-12
1.121778498362188077e-12
1.120505675649919166e-12
1.119232228462899687e-12
1.117958161389266845e-12
1.116683479015390593e-12
1.115408185925847177e-12
1.114132286703394704e-12
1.112855785928946281e-12
1.111578688181545373e-12
1.110300998038339962e-12
1.109022720074557497e-12
1.107743858863478648e-12
1.106464418976413267e-12
1.105184404982673737e-12
1.103903821449550937e-12
1.102622672942288393e-12
1.101340964024056833e-12
1.100058699255930154e-12
1.098775883196859373e-12
1.097492520403647783e-12
1.096208615430926121e-12
1.094924172831128325e-12
1.093639197154465488e-12
1.092353692948902029e-12
1.091067664760129840e-12
1.089781117131545064e-12
1.088494054604222045e-12
1.087206481716889695e-12
1.085918403005905852e-12
1.084629823005233247e-12
1.083340746246416681e-12
1.082051177258555564e-12
1.080761120568281494e-12
1.079470580699734229e-12
1.078179562174535434e-12
1.076888069511766665e-12
1.075596107227943725e-12
1.074303679836993438e-12
1.073010791850229214e-12
1.071717447776326411e-12
1.070423652121299717e-12
1.069129409388478512e-12
1.067834724078481626e-12
1.066539600689196939e-12
1.065244043715753718e-12
1.063948057650501609e-12
1.062651646982986008e-12
1.061354816199924624e-12
1.060057569785183254e-12
1.058759912219753565e-12
1.057461847981728255e-12
1.056163381546279039e-12
1.054864517385631813e-12
1.053565259969045041e-12
1.052265613762784516e-12
1.050965583230102151e-12
1.049665172831211346e-12
1.048364387023265174e-12
1.047063230260332146e-12
1.045761706993374003e-12
1.044459821670222486e-12
1.043157578735556112e-12
1.041854982630878569e-12
1.040552037794494886e-12
1.039248748661489013e-12
1.037945119663701609e-12
1.036641155229706010e-12
1.035336859784787632e-12
1.034032237750920136e-12
1.032727293546743827e-12
1.031422031587542623e-12
1.030116456285221850e-12
1.028810572048286424e-12
1.027504383281818439e-12
1.026197894387454547e-12
1.024891109763364551e-12
1.023584033804228992e-12
1.022276670901217537e-12
1.020969025441965957e-12
1.019661101810555733e-12
1.018352904387491637e-12
1.017044437549679520e-12
1.015735705670405306e-12
1.014426713119312781e-12
1.013117464262382994e-12
1.011807963461910828e-12
1.010498215076485818e-12
1.009188223460969330e-12
1.007877992966472750e-12
1.006567527940338500e-12
1.005256832726116009e-12
1.003945911663542324e-12
1.002634769088520299e-12
1.001323409333097796e-12
1.000011836725446480e-12
9.987000555898410146e-13
9.973880702466380670e-13
9.960758850122561066e-13
9.947635041991529912e-13
9.934509321158071856e-13
9.921381730666959512e-13
9.908252313522751509e-13
9.895121112689590547e-13
9.881988171090981248e-13
9.868853531609618506e-13
9.855717237087147163e-13
9.842579330323984298e-13
9.829439854079113239e-13
9.816298851069869496e-13
9.803156363971752950e-13
9.790012435418219848e-13
9.776867108000488929e-13
9.763720424267337460e-13
9.750572426724897263e-13
9.737423157836472969e-13
9.724272660022327943e-13
9.711120975659490424e-13
9.697968147081567724e-13
9.684814216578546303e-13
9.671659226396581742e-13
9.658503218737827088e-13
9.645346235760222826e-13
9.632188319577315125e-13
9.619029512258049853e-13
9.605869855826588803e-13
9.592709392262123898e-13
9.579548163498673227e-13
9.566386211424903329e-13
9.553223577883927243e-13
9.540060304673134874e-13
9.526896433543974885e-13
9.513732006201797182e-13
9.500567064305646923e-13
9.487401649468084786e-13
9.474235803255011273e-13
9.461069567185452644e-13
9.447902982731405418e-13
9.434736091317642502e-13
9.421568934321527400e-13
9.408401553072830435e-13
9.395233988853549022e-13
9.382066282897733987e-13
9.368898476391293680e-13
9.355730610471830394e-13
9.342562726228440440e-13
9.329394864701556623e-13
9.316227066882758413e-13
9.303059373714590193e-13
9.289891826090401715e-13
9.276724464854146156e-13
9.263557330800238752e-13
9.250390464673336675e-13
9.237223907168215844e-13
9.224057698929546763e-13
9.210891880551765273e-13
9.197726492578868584e-13
9.184561575504261796e-13
9.171397169770576145e-13
9.158233315769503404e-13
9.145070053841624226e-13
9.131907424276244569e-13
9.118745467311213941e-13
9.105584223132775958e-13
9.092423731875378510e-13
9.079264033621530384e-13
9.066105168401619503e-13
9.052947176193747334e-13
9.039790096923577425e-13
9.026633970464158698e-13
9.013478836635762883e-13
9.000324735205734066e-13
8.987171705888303907e-13
8.974019788344454312e-13
8.960869022181741740e-13
8.947719446954142716e-13
8.934571102161891254e-13
8.921424027251323364e-13
8.908278261614709435e-13
8.895133844590113874e-13
8.881990815461225477e-13
8.868849213457197884e-13
8.855709077752506201e-13
8.842570447466784427e-13
8.829433361664670966e-13
8.816297859355659183e-13
8.803163979493937867e-13
8.790031760978246839e-13
8.776901242651718417e-13
8.763772463301731010e-13
8.750645461659754623e-13
8.737520276401205456e-13
8.724396946145293432e-13
8.711275509454875787e-13
8.698156004836306614e-13
8.685038470739295503e-13
8.671922945556755068e-13
8.658809467624658575e-13
8.645698075221893527e-13
8.632588806570117273e-13
8.619481699833613624e-13
8.606376793119149469e-13
8.593274124475831392e-13
8.580173731894971378e-13
8.567075653309930300e-13
8.553979926595991704e-13
8.540886589570214384e-13
8.527795679991299098e-13
8.514707235559441145e-13
8.501621293916206169e-13
8.488537892644376674e-13
8.475457069267830856e-13
8.462378861251392156e-13
8.449303306000712123e-13
8.436230440862112901e-13
8.423160303122476150e-13
8.410092930009096642e-13
8.397028358689555027e-13
8.383966626271577479e-13
8.370907769802918572e-13
8.357851826271220918e-13
8.344798832603884917e-13
8.331748825667945562e-13
8.318701842269942189e-13
8.305657919155783166e-13
8.292617093010631797e-13
8.279579400458768993e-13
8.266544878063474123e-13
8.253513562326896780e-13
8.240485489689930560e-13
8.227460696532093914e-13
8.214439219171403929e-13
8.201421093864252131e-13
8.188406356805289374e-13
8.175395044127296593e-13
8.162387191901071712e-13
8.149382836135304439e-13
8.136382012776462160e-13
8.123384757708660698e-13
8.110391106753560304e-13
8.097401095670245503e-13
8.084414760155098872e-13
8.071432135841695018e-13
8.058453258300681431e-13
8.045478163039669428e-13
8.032506885503109959e-13
8.019539461072189599e-13
8.006575925064716452e-13
7.993616312735005035e-13
7.980660659273766221e-13
7.967708999808003233e-13
7.954761369400891487e-13
7.941817803051674583e-13
7.928878335695559299e-13
7.915943002203601486e-13
7.903011837382602066e-13
7.890084875975003026e-13
7.877162152658777361e-13
7.864243702047324055e-13
7.851329558689367113e-13
7.838419757068849532e-13
7.825514331604834351e-13
7.812613316651392567e-13
7.799716746497511250e-13
7.786824655366989539e-13
7.773937077418334637e-13
7.761054046744667908e-13
7.748175597373617841e-13
7.735301763267231198e-13
7.722432578321871022e-13
7.709568076368115672e-13
7.696708291170668947e-13
7.683853256428260129e-13
7.671003005773550074e-13
7.658157572773033264e-13
7.645316990926957033e-13
7.632481293669211502e-13
7.619650514367246782e-13
7.606824686321977045e-13
7.594003842767697730e-13
7.581188016871982545e-13
7.568377241735604710e-13
7.555571550392440020e-13
7.542770975809382029e-13
7.529975550886258238e-13
7.517185308455735181e-13
7.504400281283235629e-13
7.491620502066853766e-13
7.478846003437267345e-13
7.466076817957657920e-13
7.453312978123624002e-13
7.440554516363093218e-13
7.427801465036248598e-13
7.415053856435441735e-13
7.402311722785115035e-13
7.389575096241714885e-13
7.376844008893618941e-13
7.364118492761052331e-13
7.351398579796010906e-13
7.338684301882184503e-13
7.325975690834876166e-13
7.313272778400929444e-13
7.300575596258646603e-13
7.287884176017727027e-13
7.275198549219173319e-13
7.262518747335233741e-13
7.249844801769320426e-13
7.237176743855935668e-13
7.224514604860608306e-13
7.211858415979814966e-13
7.199208208340914428e-13
7.186564013002070883e-13
7.173925860952187294e-13
7.161293783110845817e-13
7.148667810328225005e-13
7.136047973385042252e-13
7.123434302992483112e-13
7.110826829792138692e-13
7.098225584355934974e-13
7.085630597186074246e-13
7.073041898714961394e-13
7.060459519305154425e-13
7.047883489249289741e-13
7.035313838770023580e-13
7.022750598019973449e-13
7.010193797081653498e-13
6.997643465967412929e-13
6.985099634619383489e-13
6.972562332909415853e-13
6.960031590639017025e-13
6.947507437539299848e-13
6.934989903270923427e-13
6.922479017424035580e-13
6.909974809518220324e-13
6.897477309002436288e-13
6.884986545254969249e-13
6.872502547583376600e-13
6.860025345224430802e-13
6.847554967344069910e-13
6.835091443037346072e-13
6.822634801328366967e-13
6.810185071170261472e-13
6.797742281445111001e-13
6.785306460963909115e-13
6.772877638466521130e-13
6.760455842621615459e-13
6.748041102026635335e-13
6.735633445207740248e-13
6.723232900619766566e-13
6.710839496646180074e-13
6.698453261599028519e-13
6.686074223718898190e-13
6.673702411174873528e-13
6.661337852064490680e-13
6.648980574413697105e-13
6.636630606176807149e-13
6.624287975236467714e-13
6.611952709403604740e-13
6.599624836417394930e-13
6.587304383945225366e-13
6.574991379582647058e-13
6.562685850853346668e-13
6.550387825209103098e-13
6.538097330029750122e-13
6.525814392623146099e-13
6.513539040225129545e-13
6.501271299999494894e-13
6.489011199037949083e-13
6.476758764360082268e-13
6.464514022913331476e-13
6.452277001572956366e-13
6.440047727141996826e-13
6.427826226351246714e-13
6.415612525859224579e-13
6.403406652252142359e-13
6.391208632043874076e-13
6.379018491675932617e-13
6.366836257517431358e-13
6.354661955865069022e-13
6.342495612943093327e-13
6.330337254903280791e-13
6.318186907824905430e-13
6.306044597714717554e-13
6.293910350506920541e-13
6.281784192063142567e-13
6.269666148172417421e-13
6.257556244551156228e-13
6.245454506843133318e-13
6.233360960619456938e-13
6.221275631378554111e-13
6.209198544546149430e-13
6.197129725475241831e-13
6.185069199446086420e-13
6.173016991666181349e-13
6.160973127270244585e-13
6.148937631320196752e-13
6.136910528805152037e-13
6.124891844641386893e-13
6.112881603672337007e-13
6.100879830668580134e-13
6.088886550327820952e-13
6.076901787274876928e-13
6.064925566061666194e-13
6.052957911167190390e-13
6.040998846997528600e-13
6.029048397885826246e-13
6.017106588092279943e-13
6.005173441804128408e-13
5.993248983135645399e-13
5.981333236128129609e-13
5.969426224749892554e-13
5.957527972896259582e-13
5.945638504389553717e-13
5.933757842979090610e-13
5.921886012341177529e-13
5.910023036079103264e-13
5.898168937723132063e-13
5.886323740730506668e-13
5.874487468485437202e-13
5.862660144299096126e-13
5.850841791409626312e-13
5.839032432982127916e-13
5.827232092108666463e-13
5.815440791808259712e-13
5.803658555026888767e-13
5.791885404637494039e-13
5.780121363439976253e-13
5.768366454161194431e-13
5.756620699454973968e-13
5.744884121902108653e-13
5.733156744010353600e-13
5.721438588214444434e-13
5.709729676876087191e-13
5.698030032283974477e-13
5.686339676653782437e-13
5.674658632128179844e-13
5.662986920776839205e-13
5.651324564596432721e-13
5.639671585510648446e-13
5.628028005370200382e-13
5.616393845952828480e-13
5.604769128963310755e-13
5.593153876033481464e-13
5.581548108722227068e-13
5.569951848515511469e-13
5.558365116826372990e-13
5.546787934994950619e-13
5.535220324288486037e-13
5.523662305901341788e-13
5.512113900955014405e-13
5.500575130498145522e-13
5.489046015506542065e-13
5.477526576883183322e-13
5.466016835458246183e-13
5.454516811989115244e-13
5.443026527160397947e-13
5.431546001583952855e-13
5.420075255798892682e-13
5.408614310271614586e-13
5.397163185395811272e-13
5.385721901492498259e-13
5.374290478810024987e-13
5.362868937524104096e-13
5.351457297737828597e-13
5.340055579481688023e-13
5.328663802713600743e-13
5.317281987318932137e-13
5.305910153110516811e-13
5.294548319828682829e-13
5.283196507141276960e-13
5.271854734643689917e-13
5.260523021858879583e-13
5.249201388237397268e-13
5.237889853157417993e-13
5.226588435924761704e-13
5.215297155772923558e-13
5.204016031863103205e-13
5.192745083284231047e-13
5.181484329052997516e-13
5.170233788113880337e-13
5.158993479339182899e-13
5.147763421529054453e-13
5.136543633411526458e-13
5.125334133642544892e-13
5.114134940805999542e-13
5.102946073413758327e-13
5.091767549905695575e-13
5.080599388649737461e-13
5.069441607941880180e-13
5.058294226006239429e-13
5.047157260995076655e-13
5.036030730988833390e-13
5.024914653996173659e-13
5.013809047954017299e-13
5.002713930727577326e-13
4.991629320110395268e-13
4.980555233824383580e-13
4.969491689519859972e-13
4.958438704775590831e-13
4.947396297098826557e-13
4.936364483925343977e-13
4.925343282619485725e-13
4.914332710474201635e-13
4.903332784711091158e-13
4.892343522480443748e-13
4.881364940861282282e-13
4.870397056861405465e-13
4.859439887417432266e-13
4.848493449394843312e-13
4.837557759588028348e-13
4.826632834720331673e-13
4.815718691444094552e-13
4.804815346340697625e-13
4.793922815920616442e-13
4.783041116623463870e-13
4.772170264818033515e-13
4.761310276802354249e-13
4.750461168803732614e-13
4.739622956978805334e-13
4.728795657413583741e-13
4.717979286123512339e-13
4.707173859053508189e-13
4.696379392078018456e-13
4.685595901001065855e-13
4.674823401556311252e-13
4.664061909407087996e-13
4.653311440146473606e-13
4.642572009297325122e-13
4.631843632312345736e-13
4.621126324574131251e-13
4.610420101395225608e-13
4.599724978018177439e-13
4.589040969615593576e-13
4.578368091290194594e-13
4.567706358074869330e-13
4.557055784932737495e-13
4.546416386757200659e-13
4.535788178372000312e-13
4.525171174531276940e-13
4.514565389919626562e-13
4.503970839152163846e-13
4.493387536774576127e-13
4.482815497263188028e-13
4.472254735025013469e-13
4.461705264397825835e-13
4.451167099650211499e-13
4.440640254981637978e-13
4.430124744522506944e-13
4.419620582334222884e-13
4.409127782409255709e-13
4.398646358671202344e-13
4.388176324974847820e-13
4.377717695106231915e-13
4.367270482782716808e-13
4.356834701653042616e-13
4.346410365297404130e-13
4.335997487227506861e-13
4.325596080886637718e-13
4.315206159649732664e-13
4.304827736823437296e-13
4.294460825646185610e-13
4.284105439288252504e-13
4.273761590851839103e-13
4.263429293371126274e-13
4.253108559812351368e-13
4.242799403073879405e-13
4.232501835986265174e-13
4.222215871312330479e-13
4.211941521747234315e-13
4.201678799918540521e-13
4.191427718386289472e-13
4.181188289643074818e-13
4.170960526114110635e-13
4.160744440157307658e-13
4.150540044063343456e-13
4.140347350055736149e-13
4.130166370290924677e-13
4.119997116858332922e-13
4.109839601780452001e-13
4.099693837012913471e-13
4.089559834444564556e-13
4.079437605897543374e-13
4.069327163127357694e-13
4.059228517822958144e-13
4.049141681606817981e-13
4.039066666035010840e-13
4.029003482597287980e-13
4.018952142717156035e-13
4.008912657751955770e-13
3.998885038992942867e-13
3.988869297665364658e-13
3.978865444928544443e-13
3.968873491875954193e-13
3.958893449535304916e-13
3.948925328868620877e-13
3.938969140772322397e-13
3.929024896077308147e-13
3.919092605549038955e-13
3.909172279887617574e-13
3.899263929727873001e-13
3.889367565639444282e-13
3.879483198126864320e-13
3.869610837629642170e-13
3.859750494522347857e-13
3.849902179114701740e-13
3.840065901651651754e-13
3.830241672313465805e-13
3.820429501215814564e-13
3.810629398409859825e-13
3.800841373882337300e-13
3.791065437555648508e-13
3.781301599287943570e-13
3.771549868873214110e-13
3.761810256041377061e-13
3.752082770458364028e-13
3.742367421726214687e-13
3.732664219383157567e-13
3.722973172903706479e-13
3.713294291698749376e-13
3.703627585115636701e-13
3.693973062438273274e-13
3.684330732887208669e-13
3.674700605619728591e-13
3.665082689729948782e-13
3.655476994248904385e-13
3.645883528144644356e-13
3.636302300322321831e-13
3.626733319624290057e-13
3.617176594830193770e-13
3.607632134657065123e-13
3.598099947759416579e-13
3.588580042729334822e-13
3.579072428096576172e-13
3.569577112328664533e-13
3.560094103830979746e-13
3.550623410946863611e-13
3.541165041957707228e-13
3.531719005083052984e-13
3.522285308480689468e-13
3.512863960246747898e-13
3.503454968415802595e-13
3.494058340960965392e-13
3.484674085793986607e-13
3.475302210765353494e-13
3.465942723664387684e-13
3.456595632219346157e-13
3.447260944097518179e-13
3.437938666905328294e-13
3.428628808188436292e-13
3.419331375431836159e-13
3.410046376059956550e-13
3.400773817436765799e-13
3.391513706865869867e-13
3.382266051590614325e-13
3.373030858794190375e-13
3.363808135599732294e-13
3.354597889070423957e-13
3.345400126209601835e-13
3.336214853960856470e-13
3.327042079208136988e-13
3.317881808775858632e-13
3.308734049429000206e-13
3.299598807873216657e-13
3.290476090754939548e-13
3.281365904661481566e-13
3.272268256121149104e-13
3.263183151603340212e-13
3.254110597518654656e-13
3.245050600219000444e-13
3.236003165997702375e-13
3.226968301089606549e-13
3.217946011671189922e-13
3.208936303860666329e-13
3.199939183718097049e-13
3.190954657245499358e-13
3.181982730386952040e-13
3.173023409028708988e-13
3.164076698999304721e-13
3.155142606069667976e-13
3.146221135953230262e-13
3.137312294306034402e-13
3.128416086726847626e-13
3.119532518757271633e-13
3.110661595881854168e-13
3.101803323528199587e-13
3.092957707067083969e-13
3.084124751812563662e-13
3.075304463022088881e-13
3.066496845896617301e-13
3.057701905580727153e-13
3.048919647162729804e-13
3.040150075674783862e-13
3.031393196093009276e-13
3.022649013337601942e-13
3.013917532272947298e-13
3.005198757707735938e-13
2.996492694395079737e-13
2.987799347032624434e-13
2.979118720262668781e-13
2.970450818672278645e-13
2.961795646793402624e-13
2.953153209102990690e-13
2.944523510023111322e-13
2.935906553921066108e-13
2.927302345109508896e-13
2.918710887846564945e-13
2.910132186335944520e-13
2.901566244727068099e-13
2.893013067115176942e-13
2.884472657541459304e-13
2.875945019993166563e-13
2.867430158403730848e-13
2.858928076652888230e-13
2.850438778566796863e-13
2.841962267918157647e-13
2.833498548426335397e-13
2.825047623757479507e-13
2.816609497524643100e-13
2.808184173287909245e-13
2.799771654554508593e-13
2.791371944778941557e-13
2.782985047363104020e-13
2.774610965656406489e-13
2.766249702955897284e-13
2.757901262506388752e-13
2.749565647500576419e-13
2.741242861079166722e-13
2.732932906330998178e-13
2.724635786293166591e-13
2.716351503951150263e-13
2.708080062238933179e-13
2.699821464039132237e-13
2.691575712183120432e-13
2.683342809451154093e-13
2.675122758572500099e-13
2.666915562225557056e-13
2.658721223037986056e-13
2.650539743586837399e-13
2.642371126398676811e-13
2.634215373949711665e-13
2.626072488665918706e-13
2.617942472923173812e-13
2.609825329047380222e-13
2.601721059314593248e-13
2.593629665951152544e-13
2.585551151133809339e-13
2.577485516989856687e-13
2.569432765597259732e-13
2.561392898984781415e-13
2.553365919132116771e-13
2.545351827970022683e-13
2.537350627380446114e-13
2.529362319196657905e-13
2.521386905203379492e-13
2.513424387136921243e-13
2.505474766685307666e-13
2.497538045488410692e-13
2.489614225138086501e-13
2.481703307178302743e-13
2.473805293105271830e-13
2.465920184367587750e-13
2.458047982366353805e-13
2.450188688455322959e-13
2.442342303941024063e-13
2.434508830082902203e-13
2.426688268093451483e-13
2.418880619138346295e-13
2.411085884336581667e-13
2.403304064760604027e-13
2.395535161436449037e-13
2.387779175343877901e-13
2.380036107416509142e-13
2.372305958541961981e-13
2.364588729561986094e-13
2.356884421272602466e-13
2.349193034424239707e-13
2.341514569721870373e-13
2.333849027825150300e-13
2.326196409348554930e-13
2.318556714861519151e-13
2.310929944888574124e-13
2.303316099909488644e-13
2.295715180359404443e-13
2.288127186628980085e-13
2.280552119064524747e-13
2.272989977968145400e-13
2.265440763597879582e-13
2.257904476167842821e-13
2.250381115848362684e-13
2.242870682766126192e-13
2.235373177004316140e-13
2.227888598602754733e-13
2.220416947558044692e-13
2.212958223823713907e-13
2.205512427310354272e-13
2.198079557885768096e-13
2.190659615375106443e-13
2.183252599561017055e-13
2.175858510183785465e-13
2.168477346941479894e-13
2.161109109490093880e-13
2.153753797443692434e-13
2.146411410374556182e-13
2.139081947813325760e-13
2.131765409249147972e-13
2.124461794129821448e-13
2.117171101861941032e-13
2.109893331811046978e-13
2.102628483301768326e-13
2.095376555617971090e-13
2.088137548002905672e-13
2.080911459659352524e-13
2.073698289749772848e-13
2.066498037396454251e-13
2.059310701681658172e-13
2.052136281647771842e-13
2.044974776297453944e-13
2.037826184593785062e-13
2.030690505460418132e-13
2.023567737781726626e-13
2.016457880402954745e-13
2.009360932130369391e-13
2.002276891731410109e-13
1.995205757934838026e-13
1.988147529430891098e-13
1.981102204871433303e-13
1.974069782870106349e-13
1.967050262002483410e-13
1.960043640806221094e-13
1.953049917781212162e-13
1.946069091389738762e-13
1.939101160056627167e-13
1.932146122169399491e-13
1.925203976078429694e-13
1.918274720097098576e-13
1.911358352501946504e-13
1.904454871532830675e-13
1.897564275393079608e-13
1.890686562249649152e-13
1.883821730233279497e-13
1.876969777438650675e-13
1.870130701924540334e-13
1.863304501713981257e-13
1.856491174794416608e-13
1.849690719117861242e-13
1.842903132601057958e-13
1.836128413125636537e-13
1.829366558538273027e-13
1.822617566650848778e-13
1.815881435240610233e-13
1.809158162050329480e-13
1.802447744788463532e-13
1.795750181129317409e-13
1.789065468713201902e-13
1.782393605146598924e-13
1.775734588002320291e-13
1.769088414819672053e-13
1.762455083104615808e-13
1.755834590329932524e-13
1.749226933935386378e-13
1.742632111327887319e-13
1.736050119881656665e-13
1.729480956938390434e-13
1.722924619807424936e-13
1.716381105765902629e-13
1.709850412058936953e-13
1.703332535899779194e-13
1.696827474469985595e-13
1.690335224919581944e-13
1.683855784367234475e-13
1.677389149900415208e-13
1.670935318575570581e-13
1.664494287418290833e-13
1.658066053423478628e-13
1.651650613555519454e-13
1.645247964748449992e-13
1.638858103906128768e-13
1.632481027902409064e-13
1.626116733581307303e-13
1.619765217757177217e-13
1.613426477214880252e-13
1.607100508709958985e-13
1.600787308968810042e-13
1.594486874688857777e-13
1.588199202538728200e-13
1.581924289158423154e-13
1.575662131159495759e-13
1.569412725125225605e-13
1.563176067610794190e-13
1.556952155143462640e-13
1.550740984222746894e-13
1.544542551320596431e-13
1.538356852881570976e-13
1.532183885323019978e-13
1.526023645035260834e-13
1.519876128381758618e-13
1.513741331699305567e-13
1.507619251298201824e-13
1.501509883462436682e-13
1.495413224449869337e-13
1.489329270492411641e-13
1.483258017796210115e-13
1.477199462541829468e-13
1.471153600884436117e-13
1.465120428953982463e-13
1.459099942855391173e-13
1.453092138668741979e-13
1.447097012449456463e-13
1.441114560228483848e-13
1.435144778012490324e-13
1.429187661784044590e-13
1.423243207501807686e-13
1.417311411100720297e-13
1.411392268492194858e-13
1.405485775564302358e-13
1.399591928181966460e-13
1.393710722187151567e-13
1.387842153399058207e-13
1.381986217614312613e-13
1.376142910607162610e-13
1.370312228129670226e-13
1.364494165911905815e-13
1.358688719662145205e-13
1.352895885067063576e-13
1.347115657791934370e-13
1.341348033480824433e-13
1.335593007756794189e-13
1.329850576222094542e-13
1.324120734458367311e-13
1.318403478026845917e-13
1.312698802468555309e-13
1.307006703304514921e-13
1.301327176035938860e-13
1.295660216144442896e-13
1.290005819092243639e-13
1.284363980322368054e-13
1.278734695258855418e-13
1.273117959306965318e-13
1.267513767853384656e-13
1.261922116266435649e-13
1.256342999896283589e-13
1.250776414075147874e-13
1.245222354117511282e-13
1.239680815320331761e-13
1.234151792963255234e-13
1.228635282308827389e-13
1.223131278602707497e-13
1.217639777073884746e-13
1.212160772934892053e-13
1.206694261382024929e-13
1.201240237595556551e-13
1.195798696739957382e-13
1.190369633964115294e-13
1.184953044401553674e-13
1.179548923170655585e-13
1.174157265374883639e-13
1.168778066103005419e-13
1.163411320429315626e-13
1.158057023413863014e-13
1.152715170102676074e-13
1.147385755527990470e-13
1.142068774708477752e-13
1.136764222649474060e-13
1.131472094343212113e-13
1.126192384769051051e-13
1.120925088893711325e-13
1.115670201671507194e-13
1.110427718044581738e-13
1.105197632943144022e-13
1.099979941285705759e-13
1.094774637979319853e-13
1.089581717919820727e-13
1.084401175992064760e-13
1.079233007070172252e-13
1.074077206017771902e-13
1.068933767688244541e-13
1.063802686924969380e-13
1.058683958561571646e-13
1.053577577422170478e-13
1.048483538321629469e-13
1.043401836065807332e-13
1.038332465451811724e-13
1.033275421268251685e-13
1.028230698295493477e-13
1.023198291305918702e-13
1.018178195064181029e-13
1.013170404327466074e-13
1.008174913845753682e-13
1.003191718362079452e-13
9.982208126127994113e-14
9.932621913278555815e-14
9.883158492310440631e-14
9.833817810402829965e-14
9.784599814678832985e-14
9.735504452208210406e-14
9.686531670010109627e-14
9.637681415055821327e-14
9.588953634271544897e-14
9.540348274541184158e-14
9.491865282709153191e-14
9.443504605583190980e-14
9.395266189937216470e-14
9.347149982514174768e-14
9.299155930028919962e-14
9.251283979171116863e-14
9.203534076608152851e-14
9.155906168988067386e-14
9.108400202942514344e-14
9.061016125089738223e-14
9.013753882037551630e-14
8.966613420386369545e-14
8.919594686732236030e-14
8.872697627669874909e-14
8.825922189795775793e-14
8.779268319711290198e-14
8.732735964025749128e-14
8.686325069359612206e-14
8.640035582347626901e-14
8.593867449642014271e-14
8.547820617915695079e-14
8.501895033865505830e-14
8.456090644215475379e-14
8.410407395720090184e-14
8.364845235167616359e-14
8.319404109383428036e-14
8.274083965233362228e-14
8.228884749627106522e-14
8.183806409521606948e-14
8.138848891924501111e-14
8.094012143897591697e-14
8.049296112560327559e-14
8.004700745093323933e-14
7.960225988741909156e-14
7.915871790819707985e-14
7.871638098712235018e-14
7.827524859880533552e-14
7.783532021864832112e-14
7.739659532288256509e-14
7.695907338860536866e-14
7.652275389381775205e-14
7.608763631746225679e-14
7.565372013946121489e-14
7.522100484075528311e-14
7.478948990334228018e-14
7.435917481031646578e-14
7.393005904590803402e-14
7.350214209552302354e-14
7.307542344578364404e-14
7.264990258456886796e-14
7.222557900105542594e-14
7.180245218575918105e-14
7.138052163057681846e-14
7.095978682882811582e-14
7.054024727529836501e-14
7.012190246628137451e-14
6.970475189962269902e-14
6.928879507476352535e-14
6.887403149278476026e-14
6.846046065645156011e-14
6.804808207025852941e-14
6.763689524047504563e-14
6.722689967519125295e-14
6.681809488436434629e-14
6.641048037986553693e-14
6.600405567552725797e-14
6.559882028719098820e-14
6.519477373275553044e-14
6.479191553222575676e-14
6.439024520776193446e-14
6.398976228372948102e-14
6.359046628674927455e-14
6.319235674574849429e-14
6.279543319201201645e-14
6.239969515923437809e-14
6.200514218357219530e-14
6.161177380369731355e-14
6.121958956085034923e-14
6.082858899889505163e-14
6.043877166437301833e-14
6.005013710655920578e-14
5.966268487751802045e-14
5.927641453215987701e-14
5.889132562829876624e-14
5.850741772671006275e-14
5.812469039118932985e-14
5.774314318861156614e-14
5.736277568899132303e-14
5.698358746554344071e-14
5.660557809474453512e-14
5.622874715639511604e-14
5.585309423368266440e-14
5.547861891324522073e-14
5.510532078523597718e-14
5.473319944338847522e-14
5.436225448508270591e-14
5.399248551141198004e-14
5.362389212725071340e-14
5.325647394132295037e-14
5.289023056627184047e-14
5.252516161872996692e-14
5.216126671939056497e-14
5.179854549307965536e-14
5.143699756882914963e-14
5.107662257995091471e-14
5.071742016411171466e-14
5.035938996340926953e-14
5.000253162444922294e-14
4.964684479842322035e-14
4.929232914118802233e-14
4.893898431334559610e-14
4.858680998032446278e-14
4.823580581246204191e-14
4.788597148508815709e-14
4.753730667860974700e-14
4.718981107859671242e-14
4.684348437586900018e-14
4.649832626658491766e-14
4.615433645233068435e-14
4.581151464021135905e-14
4.546986054294292839e-14
4.512937387894588462e-14
4.479005437244005935e-14
4.445190175354097183e-14
4.411491575835746473e-14
4.377909612909094280e-14
4.344444261413598736e-14
4.311095496818252959e-14
4.277863295231963303e-14
4.244747633414074026e-14
4.211748488785071820e-14
4.178865839437434850e-14
4.146099664146670506e-14
4.113449942382513432e-14
4.080916654320306585e-14
4.048499780852563410e-14
4.016199303600711140e-14
3.984015204927025313e-14
3.951947467946759931e-14
3.919996076540471989e-14
3.888161015366547327e-14
3.856442269873938520e-14
3.824839826315111037e-14
3.793353671759203334e-14
3.761983794105416027e-14
3.730730182096616910e-14
3.699592825333191452e-14
3.668571714287114820e-14
3.637666840316285792e-14
3.606878195679089765e-14
3.576205773549232491e-14
3.545649568030823731e-14
3.515209574173737955e-14
3.484885787989238204e-14
3.454678206465890254e-14
3.424586827585755095e-14
3.394611650340882428e-14
3.364752674750103310e-14
3.335009901876130762e-14
3.305383333842977821e-14
3.275872973853703120e-14
3.246478826208484010e-14
3.217200896323036778e-14
3.188039190747380803e-14
3.158993717184970018e-14
3.130064484512185342e-14
3.101251502798204510e-14
3.072554783325271381e-14
3.043974338609348947e-14
3.015510182421184446e-14
2.987162329807803609e-14
2.958930797114421431e-14
2.930815602006804169e-14
2.902816763494082571e-14
2.874934301952030208e-14
2.847168239146824604e-14
2.819518598259293655e-14
2.791985403909677037e-14
2.764568682182899092e-14
2.737268460654382254e-14
2.710084768416403207e-14
2.683017636105022071e-14
2.656067095927585564e-14
2.629233181690830963e-14
2.602515928829606949e-14
2.575915374436219236e-14
2.549431557290435994e-14
2.523064517890160660e-14
2.496814298482790737e-14
2.470680943097291609e-14
2.444664497577001174e-14
2.418765009613185770e-14
2.392982528779374245e-14
2.367317106566494138e-14
2.341768796418826378e-14
2.316337653770817324e-14
2.291023736084763281e-14
2.265827102889398417e-14
2.240747815819415750e-14
2.215785938655954016e-14
2.190941537368070606e-14
2.166214680155242557e-14
2.141605437490926500e-14
2.117113882167207562e-14
2.092740089340579164e-14
2.068484136578885620e-14
2.044346103909472620e-14
2.020326073868577500e-14
1.996424131552009769e-14
1.972640364667159129e-14
1.948974863586382741e-14
1.925427721401812127e-14
1.901999033981635238e-14
1.878688900027904185e-14
1.855497421135916580e-14
1.832424701855237087e-14
1.809470849752408393e-14
1.786635975475417864e-14
1.763920192819981113e-14
1.741323618797712834e-14
1.718846373706249593e-14
1.696488581201402836e-14
1.674250368371412154e-14
1.652131865813385907e-14
1.630133207712007452e-14
1.608254531920592812e-14
1.586495980044600122e-14
1.564857697527675737e-14
1.543339833740342389e-14
1.521942542071440793e-14
1.500665980022421874e-14
1.479510309304616152e-14
1.458475695939599575e-14
1.437562310362783258e-14
1.416770327530356832e-14
1.396099927029735283e-14
1.375551293193651430e-14
1.355124615218050873e-14
1.334820087283956960e-14
1.314637908683475854e-14
1.294578283950124879e-14
1.274641422993677557e-14
1.254827541239726200e-14
1.235136859774178353e-14
1.215569605492910962e-14
1.196126011256823194e-14
1.176806316052536558e-14
1.157610765159013365e-14
1.138539610320371864e-14
1.119593109925200946e-14
1.100771529192686197e-14
1.082075140365887602e-14
1.063504222912519323e-14
1.045059063733616815e-14
1.026739957380482093e-14
1.008547206280343396e-14
9.904811209711766685e-15
9.725420203461715056e-15
9.547302319083562068e-15
9.370460920359289312e-15
9.194899462588780851e-15
9.020621495475159287e-15
8.847630666135856796e-15
8.675930722246607641e-15
8.505525515325903685e-15
8.336419004168053942e-15
8.168615258433625029e-15
8.002118462406550585e-15
7.836932918927997581e-15
7.673063053517751194e-15
7.510513418694731827e-15
7.349288698509128808e-15
7.189393713299597678e-15
7.030833424690049526e-15
6.873612940841694417e-15
6.717737521977255236e-15
6.563212586195726109e-15
6.410043715597471858e-15
6.258236662741243046e-15
6.107797357456466368e-15
5.958731914036243253e-15
5.811046638838714945e-15
5.664748038326975072e-15
5.519842827580444150e-15
5.376337939313704904e-15
5.234240533442199622e-15
5.093558007237974174e-15
4.954298006122904475e-15
4.816468435151560920e-15
4.680077471241166706e-15
4.545133576212070490e-15
4.411645510708815809e-15
4.279622349079443778e-15
4.149073495299169534e-15
4.020008700034227744e-15
3.892438078952583769e-15
3.766372132400686863e-15
3.641821766579611289e-15
3.518798316370140373e-15
3.397313569975023604e-15
3.277379795567979513e-15
3.159009770163754974e-15
3.042216810952163536e-15
2.927014809372209236e-15
2.813418268241143681e-15
2.701442342298582063e-15
2.591102882579011630e-15
2.482416485088729159e-15
2.375400544337561750e-15
2.270073312364069821e-15
2.166453963998590786e-15
2.064562669235365879e-15
1.964420673738308841e-15
1.866050388691108525e-15
1.769475491429903412e-15
1.674721038576512660e-15
1.581813593736646857e-15
1.490781372259595712e-15
1.401654406098992896e-15
1.314464732502716049e-15
1.229246611140543405e-15
1.146036775415493601e-15
1.064874725189276745e-15
9.858030701122860710e-16
9.088679353689442225e-16
8.341194452008013235e-16
7.616123044565925181e-16
6.914065052554895309e-16
6.235681955942827652e-16
5.581707609086457036e-16
4.952961907192954800e-16
4.350368348000709372e-16
3.774977042477948379e-16
3.227995560484756411e-16
2.710831414115458801e-16
2.225152515616548162e-16
1.772976759838754967e-16
1.356811731033898494e-16
9.798877216767178633e-17
6.465841160046367423e-17
3.633247210274848390e-17
1.409520672760142675e-17
5.926677964370739929e-19
