5.239592722763693677e-04
5.239589076488081502e-04
5.239580278173713856e-04
5.239565681238546107e-04
5.239545257577414659e-04
5.239519002388517109e-04
5.239486914378030553e-04
5.239448993136076697e-04
5.239405238554997518e-04
5.239355650656928086e-04
5.239300229531923319e-04
5.239238975312481396e-04
5.239171888161928701e-04
5.239098968268641023e-04
5.239020215843019721e-04
5.238935631115780849e-04
5.238845214336952270e-04
5.238748965775289271e-04
5.238646885717877745e-04
5.238538974469890246e-04
5.238425232354430947e-04
5.238305659712407707e-04
5.238180256902471351e-04
5.238049024300943032e-04
5.237911962301787126e-04
5.237769071316567861e-04
5.237620351774436309e-04
5.237465804122111955e-04
5.237305428823856674e-04
5.237139226361480155e-04
5.236967197234320380e-04
5.236789341959227368e-04
5.236605661070581601e-04
5.236416155120257165e-04
5.236220824677635839e-04
5.236019670329596261e-04
5.235812692680509584e-04
5.235599892352228637e-04
5.235381269984098768e-04
5.235156826232930738e-04
5.234926561773016983e-04
5.234690477296117519e-04
5.234448573511450188e-04
5.234200851145704748e-04
5.233947310943015772e-04
5.233687953664973485e-04
5.233422780090612927e-04
5.233151791016416119e-04
5.232874987256294717e-04
5.232592369641598682e-04
5.232303939021104361e-04
5.232009696261011224e-04
5.231709642244934287e-04
5.231403777873903016e-04
5.231092104066358082e-04
5.230774621758139432e-04
5.230451331902485207e-04
5.230122235470028485e-04
5.229787333448782105e-04
5.229446626844146259e-04
5.229100116678896560e-04
5.228747803993172120e-04
5.228389689844485308e-04
5.228025775307701146e-04
5.227656061475034061e-04
5.227280549456052219e-04
5.226899240377654758e-04
5.226512135384082632e-04
5.226119235636900173e-04
5.225720542314989678e-04
5.225316056614550319e-04
5.224905779749092725e-04
5.224489712949420550e-04
5.224067857463636977e-04
5.223640214557128455e-04
5.223206785512563618e-04
5.222767571629884607e-04
5.222322574226296232e-04
5.221871794636264883e-04
5.221415234211506610e-04
5.220952894320977358e-04
5.220484776350874058e-04
5.220010881704618359e-04
5.219531211802852294e-04
5.219045768083432858e-04
5.218554552001420082e-04
5.218057565029067275e-04
5.217554808655817770e-04
5.217046284388299508e-04
5.216531993750306599e-04
5.216011938282793907e-04
5.215486119543879216e-04
5.214954539108817210e-04
5.214417198570005978e-04
5.213874099536968581e-04
5.213325243636349800e-04
5.212770632511900962e-04
5.212210267824482100e-04
5.211644151252035938e-04
5.211072284489595479e-04
5.210494669249261237e-04
5.209911307260202320e-04
5.209322200268639083e-04
5.208727350037839878e-04
5.208126758348103702e-04
5.207520426996756950e-04
5.206908357798138232e-04
5.206290552583598373e-04
5.205667013201474395e-04
5.205037741517094937e-04
5.204402739412755316e-04
5.203762008787724035e-04
5.203115551558215677e-04
5.202463369657390905e-04
5.201805465035341282e-04
5.201141839659080600e-04
5.200472495512530784e-04
5.199797434596517554e-04
5.199116658928750910e-04
5.198430170543821881e-04
5.197737971493181924e-04
5.197040063845140756e-04
5.196336449684855509e-04
5.195627131114305798e-04
5.194912110252296973e-04
5.194191389234443850e-04
5.193464970213152289e-04
5.192732855357622438e-04
5.191995046853814045e-04
5.191251546904458378e-04
5.190502357729032210e-04
5.189747481563745891e-04
5.188986920661535756e-04
5.188220677292048949e-04
5.187448753741632579e-04
5.186671152313321797e-04
5.185887875326818108e-04
5.185098925118493711e-04
5.184304304041360053e-04
5.183504014465070003e-04
5.182698058775892912e-04
5.181886439376712445e-04
5.181069158687001642e-04
5.180246219142824009e-04
5.179417623196802068e-04
5.178583373318119531e-04
5.177743471992503951e-04
5.176897921722201784e-04
5.176046725025983813e-04
5.175189884439114789e-04
5.174327402513348006e-04
5.173459281816907961e-04
5.172585524934477340e-04
5.171706134467185089e-04
5.170821113032587988e-04
5.169930463264659805e-04
5.169034187813768529e-04
5.168132289346679623e-04
5.167224770546518077e-04
5.166311634112773828e-04
5.165392882761275740e-04
5.164468519224182930e-04
5.163538546249959831e-04
5.162602966603374024e-04
5.161661783065470219e-04
5.160714998433565915e-04
5.159762615521219960e-04
5.158804637158237970e-04
5.157841066190636554e-04
5.156871905480641142e-04
5.155897157906665388e-04
5.154916826363295989e-04
5.153930913761278591e-04
5.152939423027493937e-04
5.151942357104954615e-04
5.150939718952777949e-04
5.149931511546175164e-04
5.148917737876436201e-04
5.147898400950908036e-04
5.146873503792981667e-04
5.145843049442076940e-04
5.144807040953623027e-04
5.143765481399040001e-04
5.142718373865730157e-04
5.141665721457051993e-04
5.140607527292308286e-04
5.139543794506727659e-04
5.138474526251446146e-04
5.137399725693492019e-04
5.136319396015768439e-04
5.135233540417038275e-04
5.134142162111894831e-04
5.133045264330761848e-04
5.131942850319863147e-04
5.130834923341209613e-04
5.129721486672582939e-04
5.128602543607513938e-04
5.127478097455260859e-04
5.126348151540806135e-04
5.125212709204821689e-04
5.124071773803660261e-04
5.122925348709333722e-04
5.121773437309495728e-04
5.120616043007425455e-04
5.119453169222001583e-04
5.118284819387693618e-04
5.117110996954533702e-04
5.115931705388109029e-04
5.114746948169528228e-04
5.113556728795414863e-04
5.112361050777885748e-04
5.111159917644526006e-04
5.109953332938376065e-04
5.108741300217912139e-04
5.107523823057019121e-04
5.106300905044984084e-04
5.105072549786465914e-04
5.103838760901481227e-04
5.102599542025378337e-04
5.101354896808830757e-04
5.100104828917800337e-04
5.098849342033531839e-04
5.097588439852522579e-04
5.096322126086509424e-04
5.095050404462446014e-04
5.093773278722481083e-04
5.092490752623940031e-04
5.091202829939303230e-04
5.089909514456188687e-04
5.088610809977328186e-04
5.087306720320545605e-04
5.085997249318739569e-04
5.084682400819865019e-04
5.083362178686903939e-04
5.082036586797850173e-04
5.080705629045692085e-04
5.079369309338380026e-04
5.078027631598817666e-04
5.076680599764832715e-04
5.075328217789160665e-04
5.073970489639416598e-04
5.072607419298080008e-04
5.071239010762474200e-04
5.069865268044740272e-04
5.068486195171812174e-04
5.067101796185409122e-04
5.065712075141998736e-04
5.064317036112777519e-04
5.062916683183660022e-04
5.061511020455243060e-04
5.060100052042798124e-04
5.058683782076226930e-04
5.057262214700065754e-04
5.055835354073443151e-04
5.054403204370064772e-04
5.052965769778198189e-04
5.051523054500632777e-04
5.050075062754674294e-04
5.048621798772110186e-04
5.047163266799200914e-04
5.045699471096633335e-04
5.044230415939525035e-04
5.042756105617387467e-04
5.041276544434095596e-04
5.039791736707882478e-04
5.038301686771301307e-04
5.036806398971212413e-04
5.035305877668753982e-04
5.033800127239317123e-04
5.032289152072526349e-04
5.030772956572222235e-04
5.029251545156416961e-04
5.027724922257295398e-04
5.026193092321177159e-04
5.024656059808496004e-04
5.023113829193771645e-04
5.021566404965594572e-04
5.020013791626600028e-04
5.018455993693433318e-04
5.016893015696741133e-04
5.015324862181132519e-04
5.013751537705172373e-04
5.012173046841331570e-04
5.010589394175994551e-04
5.009000584309404027e-04
5.007406621855659901e-04
5.005807511442674808e-04
5.004203257712171952e-04
5.002593865319639567e-04
5.000979338934317909e-04
4.999359683239166727e-04
4.997734902930849000e-04
4.996105002719698415e-04
4.994469987329700931e-04
4.992829861498466592e-04
4.991184629977194831e-04
4.989534297530671221e-04
4.987878868937216511e-04
4.986218348988684466e-04
4.984552742490416322e-04
4.982882054261232119e-04
4.981206289133392751e-04
4.979525451952582617e-04
4.977839547577877100e-04
4.976148580881721963e-04
4.974452556749904076e-04
4.972751480081529733e-04
4.971045355788994294e-04
4.969334188797958334e-04
4.967617984047320535e-04
4.965896746489190583e-04
4.964170481088868566e-04
4.962439192824811369e-04
4.960702886688608815e-04
4.958961567684960900e-04
4.957215240831647435e-04
4.955463911159497690e-04
4.953707583712375212e-04
4.951946263547144216e-04
4.950179955733635976e-04
4.948408665354640150e-04
4.946632397505857075e-04
4.944851157295886927e-04
4.943064949846192853e-04
4.941273780291080379e-04
4.939477653777670299e-04
4.937676575465866149e-04
4.935870550528326023e-04
4.934059584150445217e-04
4.932243681530321545e-04
4.930422847878730393e-04
4.928597088419093284e-04
4.926766408387457273e-04
4.924930813032459172e-04
4.923090307615309285e-04
4.921244897409750210e-04
4.919394587702038404e-04
4.917539383790914915e-04
4.915679290987578273e-04
4.913814314615649794e-04
4.911944460011155155e-04
4.910069732522492946e-04
4.908190137510399977e-04
4.906305680347937187e-04
4.904416366420446269e-04
4.902522201125534499e-04
4.900623189873035699e-04
4.898719338084992891e-04
4.896810651195619268e-04
4.894897134651273254e-04
4.892978793910436825e-04
4.891055634443676470e-04
4.889127661733624767e-04
4.887194881274943515e-04
4.885257298574298803e-04
4.883314919150328476e-04
4.881367748533625337e-04
4.879415792266691065e-04
4.877459055903920495e-04
4.875497545011569091e-04
4.873531265167717168e-04
4.871560221962257424e-04
4.869584420996846152e-04
4.867603867884883178e-04
4.865618568251489640e-04
4.863628527733467868e-04
4.861633751979275910e-04
4.859634246648999339e-04
4.857630017414320896e-04
4.855621069958493386e-04
4.853607409976304983e-04
4.851589043174053752e-04
4.849565975269519457e-04
4.847538211991930497e-04
4.845505759081933004e-04
4.843468622291568072e-04
4.841426807384235443e-04
4.839380320134665310e-04
4.837329166328892304e-04
4.835273351764218623e-04
4.833212882249186934e-04
4.831147763603558143e-04
4.829078001658270195e-04
4.827003602255411515e-04
4.824924571248194981e-04
4.822840914500921066e-04
4.820752637888955070e-04
4.818659747298689169e-04
4.816562248627522360e-04
4.814460147783817634e-04
4.812353450686878125e-04
4.810242163266920004e-04
4.808126291465041036e-04
4.806005841233176130e-04
4.803880818534091374e-04
4.801751229341333078e-04
4.799617079639202297e-04
4.797478375422735311e-04
4.795335122697654841e-04
4.793187327480350531e-04
4.791034995797851300e-04
4.788878133687781433e-04
4.786716747198343776e-04
4.784550842388279076e-04
4.782380425326838882e-04
4.780205502093755180e-04
4.778026078779209498e-04
4.775842161483796039e-04
4.773653756318500005e-04
4.771460869404661807e-04
4.769263506873941839e-04
4.767061674868295533e-04
4.764855379539942467e-04
4.762644627051325157e-04
4.760429423575092802e-04
4.758209775294058451e-04
4.755985688401170820e-04
4.753757169099486640e-04
4.751524223602129459e-04
4.749286858132271212e-04
4.747045078923087767e-04
4.744798892217741036e-04
4.742548304269332896e-04
4.740293321340881879e-04
4.738033949705294985e-04
4.735770195645324309e-04
4.733502065453545362e-04
4.731229565432322915e-04
4.728952701893777391e-04
4.726671481159750712e-04
4.724385909561782987e-04
4.722095993441069147e-04
4.719801739148434005e-04
4.717503153044308949e-04
4.715200241498675019e-04
4.712893010891055861e-04
4.710581467610472188e-04
4.708265618055414679e-04
4.705945468633806572e-04
4.703621025762980894e-04
4.701292295869641973e-04
4.698959285389823701e-04
4.696622000768883561e-04
4.694280448461441379e-04
4.691934634931364139e-04
4.689584566651730751e-04
4.687230250104794100e-04
4.684871691781955570e-04
4.682508898183728721e-04
4.680141875819706764e-04
4.677770631208531663e-04
4.675395170877862149e-04
4.673015501364338482e-04
4.670631629213547759e-04
4.668243560980001690e-04
4.665851303227092680e-04
4.663454862527064023e-04
4.661054245460981705e-04
4.658649458618697547e-04
4.656240508598818301e-04
4.653827402008669329e-04
4.651410145464264794e-04
4.648988745590276750e-04
4.646563209019997746e-04
4.644133542395312633e-04
4.641699752366660616e-04
4.639261845593005982e-04
4.636819828741802320e-04
4.634373708488962167e-04
4.631923491518825020e-04
4.629469184524119931e-04
4.627010794205934068e-04
4.624548327273682357e-04
4.622081790445071157e-04
4.619611190446066282e-04
4.617136534010859929e-04
4.614657827881837068e-04
4.612175078809543460e-04
4.609688293552649876e-04
4.607197478877922826e-04
4.604702641560184983e-04
4.602203788382291873e-04
4.599700926135086342e-04
4.597194061617375783e-04
4.594683201635889856e-04
4.592168353005255006e-04
4.589649522547959229e-04
4.587126717094315207e-04
4.584599943482425615e-04
4.582069208558158186e-04
4.579534519175100711e-04
4.576995882194543155e-04
4.574453304485423988e-04
4.571906792924313920e-04
4.569356354395374162e-04
4.566801995790324979e-04
4.564243724008411004e-04
4.561681545956368161e-04
4.559115468548389518e-04
4.556545498706094928e-04
4.553971643358491455e-04
4.551393909441943018e-04
4.548812303900141656e-04
4.546226833684061455e-04
4.543637505751937943e-04
4.541044327069226894e-04
4.538447304608569629e-04
4.535846445349766458e-04
4.533241756279734937e-04
4.530633244392481677e-04
4.528020916689062228e-04
4.525404780177557772e-04
4.522784841873031753e-04
4.520161108797496807e-04
4.517533587979885492e-04
4.514902286456017218e-04
4.512267211268555420e-04
4.509628369466983709e-04
4.506985768107566836e-04
4.504339414253317629e-04
4.501689314973960666e-04
4.499035477345907346e-04
4.496377908452208719e-04
4.493716615382532180e-04
4.491051605233120267e-04
4.488382885106765728e-04
4.485710462112763811e-04
4.483034343366893294e-04
4.480354535991369863e-04
4.477671047114823344e-04
4.474983883872253251e-04
4.472293053405001139e-04
4.469598562860714283e-04
4.466900419393312607e-04
4.464198630162953454e-04
4.461493202335997969e-04
4.458784143084979661e-04
4.456071459588565914e-04
4.453355159031525457e-04
4.450635248604695301e-04
4.447911735504944957e-04
4.445184626935144994e-04
4.442453930104130720e-04
4.439719652226669657e-04
4.436981800523420337e-04
4.434240382220915500e-04
4.431495404551502463e-04
4.428746874753333360e-04
4.425994800070320151e-04
4.423239187752093962e-04
4.420480045053985026e-04
4.417717379236976607e-04
4.414951197567679522e-04
4.412181507318290396e-04
4.409408315766563473e-04
4.406631630195773758e-04
4.403851457894682317e-04
4.401067806157503209e-04
4.398280682283868797e-04
4.395490093578795048e-04
4.392696047352649550e-04
4.389898550921115194e-04
4.387097611605156018e-04
4.384293236730983602e-04
4.381485433630020738e-04
4.378674209638874337e-04
4.375859572099290423e-04
4.373041528358130288e-04
4.370220085767326582e-04
4.367395251683858369e-04
4.364567033469709937e-04
4.361735438491840975e-04
4.358900474122149715e-04
4.356062147737440400e-04
4.353220466719386972e-04
4.350375438454501080e-04
4.347527070334095221e-04
4.344675369754255091e-04
4.341820344115794594e-04
4.338962000824231444e-04
4.336100347289748675e-04
4.333235390927159952e-04
4.330367139155874871e-04
4.327495599399870771e-04
4.324620779087649911e-04
4.321742685652210192e-04
4.318861326531008840e-04
4.315976709165936383e-04
4.313088841003266238e-04
4.310197729493635732e-04
4.307303382092005453e-04
4.304405806257622920e-04
4.301505009453995484e-04
4.298600999148847503e-04
4.295693782814095397e-04
4.292783367925803750e-04
4.289869761964160361e-04
4.286952972413437223e-04
4.284033006761956905e-04
4.281109872502054069e-04
4.278183577130054865e-04
4.275254128146225977e-04
4.272321533054752938e-04
4.269385799363701098e-04
4.266446934584980388e-04
4.263504946234312793e-04
4.260559841831200911e-04
4.257611628898890551e-04
4.254660314964336032e-04
4.251705907558170371e-04
4.248748414214665713e-04
4.245787842471701883e-04
4.242824199870736030e-04
4.239857493956763600e-04
4.236887732278286889e-04
4.233914922387276014e-04
4.230939071839146144e-04
4.227960188192710338e-04
4.224978279010155693e-04
4.221993351857004310e-04
4.219005414302079687e-04
4.216014473917475275e-04
4.213020538278518159e-04
4.210023614963735446e-04
4.207023711554823907e-04
4.204020835636608782e-04
4.201014994797018292e-04
4.198006196627045703e-04
4.194994448720712455e-04
4.191979758675041059e-04
4.188962134090015526e-04
4.185941582568551006e-04
4.182918111716460181e-04
4.179891729142415856e-04
4.176862442457921149e-04
4.173830259277272622e-04
4.170795187217529927e-04
4.167757233898482195e-04
4.164716406942608464e-04
4.161672713975052198e-04
4.158626162623578460e-04
4.155576760518549522e-04
4.152524515292887455e-04
4.149469434582037813e-04
4.146411526023939271e-04
4.143350797258989475e-04
4.140287255930013058e-04
4.137220909682224777e-04
4.134151766163194817e-04
4.131079833022821687e-04
4.128005117913295901e-04
4.124927628489061487e-04
4.121847372406793218e-04
4.118764357325349992e-04
4.115678590905749897e-04
4.112590080811139850e-04
4.109498834706751692e-04
4.106404860259879413e-04
4.103308165139836331e-04
4.100208757017930698e-04
4.097106643567426120e-04
4.094001832463511209e-04
4.090894331383265964e-04
4.087784148005624914e-04
4.084671290011354346e-04
4.081555765083004061e-04
4.078437580904887313e-04
4.075316745163040156e-04
4.072193265545191623e-04
4.069067149740729578e-04
4.065938405440666019e-04
4.062807040337609431e-04
4.059673062125724132e-04
4.056536478500702620e-04
4.053397297159733593e-04
4.050255525801461291e-04
4.047111172125963268e-04
4.043964243834709195e-04
4.040814748630531042e-04
4.037662694217590011e-04
4.034508088301343469e-04
4.031350938588515128e-04
4.028191252787055479e-04
4.025029038606113595e-04
4.021864303756007321e-04
4.018697055948182613e-04
4.015527302895188061e-04
4.012355052310639112e-04
4.009180311909182285e-04
4.006003089406472953e-04
4.002823392519127632e-04
3.999641228964706638e-04
3.996456606461670715e-04
3.993269532729352305e-04
3.990080015487925194e-04
3.986888062458366559e-04
3.983693681362430951e-04
3.980496879922615057e-04
3.977297665862120296e-04
3.974096046904832761e-04
3.970892030775276054e-04
3.967685625198590690e-04
3.964476837900496689e-04
3.961265676607261593e-04
3.958052149045669568e-04
3.954836262942986163e-04
3.951618026026931210e-04
3.948397446025643043e-04
3.945174530667647055e-04
3.941949287681822630e-04
3.938721724797374958e-04
3.935491849743795998e-04
3.932259670250845508e-04
3.929025194048500085e-04
3.925788428866937448e-04
3.922549382436497402e-04
3.919308062487653109e-04
3.916064476750974769e-04
3.912818632957103054e-04
3.909570538836712244e-04
3.906320202120483671e-04
3.903067630539069389e-04
3.899812831823062909e-04
3.896555813702969918e-04
3.893296583909170881e-04
3.890035150171892845e-04
3.886771520221179088e-04
3.883505701786853876e-04
3.880237702598495907e-04
3.876967530385404151e-04
3.873695192876563703e-04
3.870420697800619762e-04
3.867144052885842392e-04
3.863865265860098332e-04
3.860584344450815222e-04
3.857301296384956120e-04
3.854016129388983182e-04
3.850728851188830017e-04
3.847439469509867532e-04
3.844147992076875201e-04
3.840854426614009084e-04
3.837558780844772550e-04
3.834261062491981582e-04
3.830961279277736052e-04
3.827659438923391522e-04
3.824355549149520222e-04
3.821049617675889901e-04
3.817741652221425886e-04
3.814431660504185597e-04
3.811119650241324400e-04
3.807805629149063078e-04
3.804489604942663437e-04
3.801171585336390901e-04
3.797851578043490118e-04
3.794529590776147556e-04
3.791205631245467104e-04
3.787879707161438637e-04
3.784551826232901146e-04
3.781221996167524312e-04
3.777890224671762425e-04
3.774556519450841916e-04
3.771220888208716903e-04
3.767883338648042634e-04
3.764543878470148373e-04
3.761202515375007592e-04
3.757859257061201106e-04
3.754514111225896469e-04
3.751167085564806780e-04
3.747818187772173335e-04
3.744467425540723882e-04
3.741114806561652564e-04
3.737760338524581433e-04
3.734404029117537136e-04
3.731045886026915681e-04
3.727685916937457499e-04
3.724324129532214376e-04
3.720960531492522889e-04
3.717595130497971341e-04
3.714227934226372652e-04
3.710858950353732380e-04
3.707488186554219983e-04
3.704115650500142262e-04
3.700741349861910831e-04
3.697365292308012847e-04
3.693987485504981192e-04
3.690607937117368451e-04
3.687226654807711679e-04
3.683843646236511257e-04
3.680458919062196740e-04
3.677072480941092161e-04
3.673684339527399771e-04
3.670294502473161005e-04
3.666902977428229378e-04
3.663509772040246092e-04
3.660114893954605339e-04
3.656718350814426653e-04
3.653320150260528894e-04
3.649920299931400428e-04
3.646518807463167144e-04
3.643115680489564267e-04
3.639710926641916838e-04
3.636304553549096351e-04
3.632896568837502317e-04
3.629486980131030826e-04
3.626075795051047438e-04
3.622663021216354119e-04
3.619248666243165928e-04
3.615832737745081201e-04
3.612415243333052281e-04
3.608996190615356781e-04
3.605575587197571569e-04
3.602153440682544575e-04
3.598729758670360639e-04
3.595304548758322541e-04
3.591877818540916843e-04
3.588449575609787873e-04
3.585019827553708989e-04
3.581588581958556022e-04
3.578155846407277455e-04
3.574721628479865152e-04
3.571285935753334300e-04
3.567848775801687631e-04
3.564410156195889400e-04
3.560970084503840990e-04
3.557528568290349471e-04
3.554085615117101582e-04
3.550641232542637161e-04
3.547195428122320963e-04
3.543748209408313383e-04
3.540299583949549854e-04
3.536849559291701281e-04
3.533398142977158310e-04
3.529945342544999897e-04
3.526491165530965107e-04
3.523035619467427648e-04
3.519578711883367128e-04
3.516120450304341958e-04
3.512660842252466578e-04
3.509199895246380022e-04
3.505737616801217721e-04
3.502274014428590366e-04
3.498809095636554634e-04
3.495342867929582286e-04
3.491875338808540113e-04
3.488406515770658490e-04
3.484936406309509693e-04
3.481465017914972125e-04
3.477992358073218383e-04
3.474518434266670808e-04
3.471043253973993899e-04
3.467566824670050940e-04
3.464089153825891535e-04
3.460610248908713659e-04
3.457130117381847939e-04
3.453648766704726209e-04
3.450166204332852241e-04
3.446682437717782767e-04
3.443197474307097125e-04
3.439711321544371776e-04
3.436223986869156458e-04
3.432735477716944363e-04
3.429245801519152084e-04
3.425754965703087631e-04
3.422262977691929828e-04
3.418769844904698501e-04
3.415275574756232793e-04
3.411780174657162972e-04
3.408283652013888209e-04
3.404786014228545132e-04
3.401287268698986689e-04
3.397787422818759374e-04
3.394286483977070707e-04
3.390784459558770798e-04
3.387281356944325241e-04
3.383777183509786390e-04
3.380271946626773293e-04
3.376765653662442421e-04
3.373258311979469241e-04
3.369749928936014056e-04
3.366240511885704124e-04
3.362730068177608171e-04
3.359218605156208209e-04
3.355706130161377303e-04
3.352192650528353557e-04
3.348678173587720051e-04
3.345162706665373402e-04
3.341646257082503163e-04
3.338128832155567972e-04
3.334610439196270611e-04
3.331091085511530907e-04
3.327570778403464045e-04
3.324049525169357798e-04
3.320527333101645426e-04
3.317004209487883987e-04
3.313480161610727237e-04
3.309955196747905570e-04
3.306429322172196742e-04
3.302902545151408529e-04
3.299374872948351075e-04
3.295846312820811959e-04
3.292316872021536136e-04
3.288786557798197203e-04
3.285255377393381140e-04
3.281723338044554325e-04
3.278190446984047810e-04
3.274656711439027511e-04
3.271122138631474686e-04
3.267586735778161547e-04
3.264050510090627400e-04
3.260513468775156970e-04
3.256975619032754371e-04
3.253436968059124140e-04
3.249897523044643043e-04
3.246357291174341644e-04
3.242816279627880457e-04
3.239274495579524461e-04
3.235731946198121961e-04
3.232188638647081821e-04
3.228644580084350695e-04
3.225099777662391882e-04
3.221554238528160394e-04
3.218007969823079642e-04
3.214460978683022466e-04
3.210913272238286736e-04
3.207364857613571505e-04
3.203815741927956403e-04
3.200265932294879957e-04
3.196715435822115739e-04
3.193164259611750680e-04
3.189612410760164470e-04
3.186059896358006249e-04
3.182506723490169669e-04
3.178952899235776633e-04
3.175398430668153441e-04
3.171843324854805310e-04
3.168287588857399573e-04
3.164731229731740196e-04
3.161174254527750432e-04
3.157616670289446260e-04
3.154058484054918492e-04
3.150499702856308384e-04
3.146940333719789738e-04
3.143380383665543435e-04
3.139819859707740617e-04
3.136258768854518846e-04
3.132697118107957159e-04
3.129134914464066857e-04
3.125572164912754098e-04
3.122008876437811224e-04
3.118445056016892910e-04
3.114880710621491765e-04
3.111315847216919906e-04
3.107750472762291606e-04
3.104184594210494027e-04
3.100618218508174742e-04
3.097051352595718435e-04
3.093484003407224667e-04
3.089916177870488906e-04
3.086347882906979759e-04
3.082779125431824876e-04
3.079209912353781135e-04
3.075640250575225427e-04
3.072070146992123213e-04
3.068499608494017141e-04
3.064928641964002106e-04
3.061357254278706283e-04
3.057785452308271605e-04
3.054213242916336418e-04
3.050640632960009463e-04
3.047067629289855776e-04
3.043494238749871214e-04
3.039920468177472151e-04
3.036346324403464583e-04
3.032771814252033281e-04
3.029196944540715232e-04
3.025621722080389878e-04
3.022046153675246052e-04
3.018470246122777634e-04
3.014894006213753204e-04
3.011317440732199226e-04
3.007740556455385417e-04
3.004163360153801979e-04
3.000585858591136830e-04
2.997008058524267471e-04
2.993429966703231170e-04
2.989851589871210871e-04
2.986272934764516761e-04
2.982694008112566210e-04
2.979114816637864257e-04
2.975535367055988432e-04
2.971955666075567072e-04
2.968375720398259802e-04
2.964795536718746157e-04
2.961215121724694675e-04
2.957634482096758023e-04
2.954053624508545350e-04
2.950472555626610901e-04
2.946891282110426368e-04
2.943309810612373847e-04
2.939728147777723069e-04
2.936146300244607001e-04
2.932564274644014805e-04
2.928982077599771774e-04
2.925399715728511691e-04
2.921817195639671402e-04
2.918234523935465344e-04
2.914651707210874155e-04
2.911068752053618653e-04
2.907485665044152253e-04
2.903902452755636023e-04
2.900319121753921342e-04
2.896735678597541224e-04
2.893152129837679417e-04
2.889568482018168780e-04
2.885984741675459296e-04
2.882400915338611570e-04
2.878817009529271889e-04
2.875233030761664634e-04
2.871648985542566259e-04
2.868064880371293908e-04
2.864480721739687524e-04
2.860896516132089250e-04
2.857312270025332587e-04
2.853727989888725047e-04
2.850143682184025926e-04
2.846559353365436546e-04
2.842975009879580199e-04
2.839390658165484799e-04
2.835806304654572580e-04
2.832221955770636247e-04
2.828637617929827047e-04
2.825053297540637966e-04
2.821469001003887463e-04
2.817884734712703212e-04
2.814300505052507459e-04
2.810716318400996970e-04
2.807132181128134353e-04
2.803548099596127460e-04
2.799964080159412041e-04
2.796380129164640358e-04
2.792796252950662753e-04
2.789212457848515726e-04
2.785628750181401870e-04
2.782045136264675242e-04
2.778461622405829431e-04
2.774878214904480216e-04
2.771294920052347669e-04
2.767711744133246406e-04
2.764128693423066607e-04
2.760545774189759384e-04
2.756962992693322138e-04
2.753380355185785556e-04
2.749797867911196259e-04
2.746215537105601624e-04
2.742633368997037858e-04
2.739051369805513194e-04
2.735469545742992168e-04
2.731887903013384780e-04
2.728306447812528599e-04
2.724725186328175760e-04
2.721144124739979949e-04
2.717563269219476344e-04
2.713982625930074573e-04
2.710402201027041361e-04
2.706822000657486439e-04
2.703242030960347365e-04
2.699662298066375426e-04
2.696082808098126428e-04
2.692503567169939006e-04
2.688924581387928123e-04
2.685345856849966637e-04
2.681767399645672832e-04
2.678189215856396324e-04
2.674611311555207763e-04
2.671033692806878230e-04
2.667456365667874901e-04
2.663879336186338281e-04
2.660302610402076238e-04
2.656726194346546656e-04
2.653150094042844428e-04
2.649574315505691152e-04
2.645998864741418871e-04
2.642423747747955974e-04
2.638848970514821239e-04
2.635274539023100518e-04
2.631700459245441860e-04
2.628126737146040874e-04
2.624553378680625007e-04
2.620980389796443788e-04
2.617407776432256359e-04
2.613835544518315211e-04
2.610263699976358596e-04
2.606692248719595347e-04
2.603121196652690783e-04
2.599550549671759123e-04
2.595980313664346677e-04
2.592410494509420462e-04
2.588841098077360073e-04
2.585272130229939792e-04
2.581703596820318831e-04
2.578135503693030489e-04
2.574567856683969685e-04
2.571000661620379945e-04
2.567433924320841479e-04
2.563867650595261964e-04
2.560301846244861907e-04
2.556736517062163801e-04
2.553171668830981830e-04
2.549607307326408855e-04
2.546043438314805570e-04
2.542480067553789125e-04
2.538917200792221193e-04
2.535354843770196045e-04
2.531793002219031880e-04
2.528231681861258895e-04
2.524670888410604649e-04
2.521110627571986475e-04
2.517550905041501179e-04
2.513991726506410946e-04
2.510433097645134665e-04
2.506875024127237089e-04
2.503317511613415824e-04
2.499760565755493736e-04
2.496204192196405948e-04
2.492648396570189533e-04
2.489093184501976470e-04
2.485538561607975212e-04
2.481984533495470687e-04
2.478431105762804237e-04
2.474878283999369286e-04
2.471326073785598326e-04
2.467774480692956412e-04
2.464223510283924902e-04
2.460673168111997115e-04
2.457123459721665326e-04
2.453574390648409920e-04
2.450025966418694517e-04
2.446478192549948619e-04
2.442931074550565990e-04
2.439384617919886490e-04
2.435838828148194184e-04
2.432293710716701613e-04
2.428749271097544924e-04
2.425205514753771936e-04
2.421662447139330218e-04
2.418120073699065462e-04
2.414578399868701425e-04
2.411037431074841827e-04
2.407497172734953273e-04
2.403957630257357394e-04
2.400418809041224072e-04
2.396880714476561677e-04
2.393343351944207588e-04
2.389806726815818158e-04
2.386270844453861669e-04
2.382735710211609115e-04
2.379201329433124448e-04
2.375667707453256710e-04
2.372134849597631369e-04
2.368602761182641908e-04
2.365071447515440615e-04
2.361540913893929363e-04
2.358011165606754736e-04
2.354482207933295012e-04
2.350954046143655563e-04
2.347426685498657192e-04
2.343900131249831531e-04
2.340374388639409654e-04
2.336849462900317470e-04
2.333325359256165153e-04
2.329802082921237922e-04
2.326279639100492253e-04
2.322758032989543405e-04
2.319237269774663526e-04
2.315717354632765659e-04
2.312198292731404827e-04
2.308680089228763938e-04
2.305162749273649179e-04
2.301646278005481611e-04
2.298130680554289851e-04
2.294615962040704382e-04
2.291102127575945081e-04
2.287589182261819598e-04
2.284077131190715218e-04
2.280565979445587754e-04
2.277055732099958561e-04
2.273546394217903425e-04
2.270037970854051751e-04
2.266530467053573278e-04
2.263023887852174559e-04
2.259518238276090555e-04
2.256013523342078676e-04
2.252509748057412813e-04
2.249006917419873314e-04
2.245505036417746439e-04
2.242004110029810536e-04
2.238504143225335231e-04
2.235005140964070039e-04
2.231507108196243284e-04
2.228010049862553155e-04
2.224513970894159026e-04
2.221018876212678482e-04
2.217524770730180538e-04
2.214031659349177509e-04
2.210539546962624199e-04
2.207048438453903529e-04
2.203558338696825461e-04
2.200069252555625094e-04
2.196581184884947489e-04
2.193094140529849021e-04
2.189608124325787355e-04
2.186123141098621171e-04
2.182639195664597424e-04
2.179156292830351619e-04
2.175674437392896424e-04
2.172193634139623838e-04
2.168713887848293810e-04
2.165235203287028812e-04
2.161757585214312764e-04
2.158281038378980453e-04
2.154805567520218354e-04
2.151331177367552157e-04
2.147857872640848665e-04
2.144385658050306041e-04
2.140914538296450004e-04
2.137444518070130315e-04
2.133975602052513181e-04
2.130507794915078548e-04
2.127041101319614678e-04
2.123575525918212730e-04
2.120111073353262419e-04
2.116647748257449312e-04
2.113185555253745335e-04
2.109724498955408778e-04
2.106264583965979141e-04
2.102805814879269276e-04
2.099348196279365115e-04
2.095891732740618894e-04
2.092436428827647256e-04
2.088982289095322846e-04
2.085529318088773774e-04
2.082077520343377376e-04
2.078626900384758860e-04
2.075177462728782093e-04
2.071729211881551764e-04
2.068282152339405531e-04
2.064836288588911030e-04
2.061391625106861005e-04
2.057948166360272220e-04
2.054505916806379764e-04
2.051064880892631366e-04
2.047625063056689556e-04
2.044186467726421370e-04
2.040749099319900245e-04
2.037312962245398161e-04
2.033878060901385908e-04
2.030444399676526585e-04
2.027011982949673970e-04
2.023580815089870628e-04
2.020150900456340584e-04
2.016722243398489062e-04
2.013294848255899223e-04
2.009868719358328380e-04
2.006443861025705006e-04
2.003020277568126031e-04
1.999597973285852234e-04
1.996176952469310675e-04
1.992757219399082509e-04
1.989338778345909481e-04
1.985921633570686070e-04
1.982505789324458408e-04
1.979091249848420207e-04
1.975678019373911410e-04
1.972266102122416831e-04
1.968855502305559926e-04
1.965446224125104414e-04
1.962038271772948859e-04
1.958631649431124503e-04
1.955226361271796345e-04
1.951822411457256371e-04
1.948419804139923819e-04
1.945018543462341933e-04
1.941618633557177956e-04
1.938220078547217985e-04
1.934822882545365885e-04
1.931427049654643833e-04
1.928032583968186350e-04
1.924639489569242203e-04
1.921247770531168443e-04
1.917857430917433109e-04
1.914468474781608729e-04
1.911080906167377197e-04
1.907694729108518658e-04
1.904309947628919099e-04
1.900926565742564118e-04
1.897544587453537019e-04
1.894164016756020447e-04
1.890784857634291501e-04
1.887407114062720928e-04
1.884030790005775016e-04
1.880655889418010715e-04
1.877282416244076182e-04
1.873910374418708339e-04
1.870539767866732873e-04
1.867170600503062071e-04
1.863802876232695900e-04
1.860436598950716857e-04
1.857071772542294040e-04
1.853708400882677720e-04
1.850346487837201787e-04
1.846986037261281034e-04
1.843627053000411161e-04
1.840269538890167145e-04
1.836913498756203515e-04
1.833558936414253265e-04
1.830205855670127856e-04
1.826854260319714504e-04
1.823504154148978076e-04
1.820155540933960552e-04
1.816808424440778040e-04
1.813462808425622946e-04
1.810118696634763430e-04
1.806776092804539887e-04
1.803435000661370361e-04
1.800095423921745129e-04
1.796757366292228871e-04
1.793420831469460120e-04
1.790085823140152084e-04
1.786752344981089931e-04
1.783420400659135126e-04
1.780089993831220009e-04
1.776761128144352679e-04
1.773433807235615090e-04
1.770108034732160887e-04
1.766783814251222723e-04
1.763461149400103584e-04
1.760140043776182485e-04
1.756820500966913923e-04
1.753502524549828965e-04
1.750186118092532535e-04
1.746871285152706941e-04
1.743558029278111056e-04
1.740246354006582221e-04
1.736936262866034075e-04
1.733627759374460077e-04
1.730320847039932967e-04
1.727015529360605031e-04
1.723711809824708110e-04
1.720409691910558200e-04
1.717109179086551932e-04
1.713810274811169011e-04
1.710512982532973029e-04
1.707217305690613904e-04
1.703923247712825983e-04
1.700630812018432650e-04
1.697340002016342803e-04
1.694050821105556274e-04
1.690763272675163285e-04
1.687477360104344454e-04
1.684193086762373769e-04
1.680910456008620219e-04
1.677629471192546170e-04
1.674350135653711964e-04
1.671072452721775929e-04
1.667796425716495186e-04
1.664522057947728361e-04
1.661249352715436127e-04
1.657978313309683646e-04
1.654708943010640835e-04
1.651441245088585081e-04
1.648175222803903949e-04
1.644910879407092202e-04
1.641648218138760744e-04
1.638387242229631473e-04
1.635127954900543782e-04
1.631870359362453478e-04
1.628614458816436575e-04
1.625360256453691735e-04
1.622107755455538098e-04
1.618856958993422873e-04
1.615607870228918897e-04
1.612360492313729516e-04
1.609114828389689666e-04
1.605870881588768043e-04
1.602628655033068190e-04
1.599388151834833371e-04
1.596149375096445489e-04
1.592912327910431323e-04
1.589677013359460083e-04
1.586443434516351275e-04
1.583211594444070903e-04
1.579981496195739332e-04
1.576753142814631831e-04
1.573526537334179109e-04
1.570301682777973016e-04
1.567078582159767619e-04
1.563857238483480562e-04
1.560637654743198487e-04
1.557419833923177844e-04
1.554203778997847334e-04
1.550989492931812786e-04
1.547776978679857426e-04
1.544566239186945678e-04
1.541357277388226952e-04
1.538150096209035919e-04
1.534944698564901454e-04
1.531741087361539590e-04
1.528539265494866255e-04
1.525339235850995377e-04
1.522141001306242950e-04
1.518944564727129742e-04
1.515749928970384821e-04
1.512557096882948535e-04
1.509366071301976851e-04
1.506176855054841893e-04
1.502989450959138723e-04
1.499803861822685610e-04
1.496620090443528364e-04
1.493438139609945493e-04
1.490258012100447382e-04
1.487079710683784700e-04
1.483903238118948400e-04
1.480728597155173511e-04
1.477555790531945919e-04
1.474384820979000735e-04
1.471215691216329888e-04
1.468048403954184565e-04
1.464882961893078730e-04
1.461719367723791571e-04
1.458557624127373726e-04
1.455397733775150000e-04
1.452239699328721531e-04
1.449083523439972021e-04
1.445929208751070452e-04
1.442776757894475149e-04
1.439626173492935949e-04
1.436477458159502059e-04
1.433330614497521790e-04
1.430185645100650140e-04
1.427042552552849344e-04
1.423901339428396183e-04
1.420762008291883620e-04
1.417624561698225942e-04
1.414489002192663371e-04
1.411355332310765319e-04
1.408223554578435263e-04
1.405093671511913999e-04
1.401965685617785065e-04
1.398839599392978530e-04
1.395715415324775340e-04
1.392593135890810290e-04
1.389472763559079619e-04
1.386354300787943179e-04
1.383237750026128495e-04
1.380123113712735923e-04
1.377010394277243522e-04
1.373899594139510851e-04
1.370790715709784664e-04
1.367683761388701074e-04
1.364578733567293957e-04
1.361475634626995227e-04
1.358374466939642146e-04
1.355275232867481940e-04
1.352177934763176131e-04
1.349082574969804064e-04
1.345989155820870222e-04
1.342897679640307209e-04
1.339808148742479546e-04
1.336720565432191257e-04
1.333634932004688315e-04
1.330551250745666222e-04
1.327469523931271373e-04
1.324389753828108369e-04
1.321311942693245711e-04
1.318236092774217969e-04
1.315162206309032828e-04
1.312090285526176239e-04
1.309020332644617024e-04
1.305952349873810135e-04
1.302886339413706403e-04
1.299822303454752277e-04
1.296760244177899029e-04
1.293700163754605745e-04
1.290642064346845283e-04
1.287585948107109152e-04
1.284531817178414289e-04
1.281479673694306315e-04
1.278429519778865220e-04
1.275381357546711604e-04
1.272335189103012364e-04
1.269291016543483679e-04
1.266248841954399141e-04
1.263208667412593818e-04
1.260170494985470219e-04
1.257134326731002905e-04
1.254100164697744717e-04
1.251068010924833015e-04
1.248037867441993470e-04
1.245009736269546299e-04
1.241983619418412772e-04
1.238959518890120088e-04
1.235937436676805984e-04
1.232917374761227408e-04
1.229899335116762691e-04
1.226883319707418589e-04
1.223869330487837605e-04
1.220857369403300968e-04
1.217847438389735954e-04
1.214839539373722120e-04
1.211833674272495500e-04
1.208829844993955798e-04
1.205828053436672475e-04
1.202828301489888011e-04
1.199830591033527251e-04
1.196834923938201338e-04
1.193841302065214215e-04
1.190849727266567236e-04
1.187860201384967703e-04
1.184872726253832797e-04
1.181887303697295403e-04
1.178903935530211837e-04
1.175922623558167538e-04
1.172943369577480322e-04
1.169966175375210406e-04
1.166991042729164616e-04
1.164017973407902208e-04
1.161046969170741107e-04
1.158078031767764004e-04
1.155111162939827029e-04
1.152146364418560836e-04
1.149183637926381714e-04
1.146222985176494980e-04
1.143264407872902156e-04
1.140307907710407209e-04
1.137353486374622507e-04
1.134401145541975603e-04
1.131450886879714380e-04
1.128502712045915452e-04
1.125556622689488509e-04
1.122612620450183220e-04
1.119670706958596148e-04
1.116730883836176443e-04
1.113793152695233024e-04
1.110857515138940002e-04
1.107923972761344129e-04
1.104992527147370359e-04
1.102063179872828216e-04
1.099135932504419384e-04
1.096210786599743805e-04
1.093287743707305236e-04
1.090366805366518161e-04
1.087447973107715513e-04
1.084531248452153695e-04
1.081616632912019756e-04
1.078704127990438172e-04
1.075793735181476669e-04
1.072885455970153817e-04
1.069979291832444856e-04
1.067075244235289014e-04
1.064173314636594926e-04
1.061273504485249312e-04
1.058375815221121176e-04
1.055480248275070341e-04
1.052586805068953419e-04
1.049695487015630852e-04
1.046806295518973285e-04
1.043919231973868071e-04
1.041034297766226316e-04
1.038151494272989930e-04
1.035270822862137993e-04
1.032392284892693127e-04
1.029515881714729628e-04
1.026641614669378884e-04
1.023769485088836154e-04
1.020899494296368564e-04
1.018031643606321339e-04
1.015165934324123903e-04
1.012302367746297741e-04
1.009440945160462765e-04
1.006581667845344365e-04
1.003724537070779777e-04
1.000869554097725807e-04
9.980167201782652023e-05
9.951660365556134276e-05
9.923175044641259826e-05
9.894711251293045011e-05
9.866268997678052889e-05
9.837848295874433897e-05
9.809449157872035627e-05
9.781071595572435350e-05
9.752715620789029465e-05
9.724381245247090417e-05
9.696068480583854791e-05
9.667777338348576164e-05
9.639507830002601004e-05
9.611259966919433715e-05
9.583033760384819316e-05
9.554829221596803062e-05
9.526646361665792797e-05
9.498485191614655166e-05
9.470345722378756281e-05
9.442227964806047097e-05
9.414131929657135244e-05
9.386057627605352784e-05
9.358005069236819914e-05
9.329974265050520858e-05
9.301965225458381115e-05
9.273977960785324381e-05
9.246012481269355219e-05
9.218068797061620045e-05
9.190146918226484380e-05
9.162246854741597896e-05
9.134368616497971674e-05
9.106512213300040537e-05
9.078677654865747082e-05
9.050864950826599954e-05
9.023074110727742961e-05
8.995305144028045881e-05
8.967558060100143760e-05
8.939832868230534492e-05
8.912129577619645228e-05
8.884448197381889293e-05
8.856788736545744792e-05
8.829151204053834574e-05
8.801535608762991276e-05
8.773941959444312897e-05
8.746370264783260369e-05
8.718820533379709062e-05
8.691292773748026030e-05
8.663786994317145907e-05
8.636303203430629181e-05
8.608841409346746222e-05
8.581401620238538266e-05
8.553983844193898734e-05
8.526588089215628792e-05
8.499214363221529512e-05
8.471862674044452015e-05
8.444533029432378787e-05
8.417225437048490085e-05
8.389939904471242543e-05
8.362676439194434224e-05
8.335435048627266961e-05
8.308215740094435802e-05
8.281018520836187292e-05
8.253843398008391292e-05
8.226690378682610107e-05
8.199559469846175728e-05
8.172450678402252175e-05
8.145364011169911394e-05
8.118299474884203728e-05
8.091257076196229747e-05
8.064236821673197164e-05
8.037238717798507578e-05
8.010262770971824232e-05
7.983308987509131645e-05
7.956377373642815572e-05
7.929467935521726703e-05
7.902580679211259262e-05
7.875715610693407936e-05
7.848872735866853248e-05
7.822052060547011706e-05
7.795253590466126603e-05
7.768477331273320873e-05
7.741723288534679761e-05
7.714991467733305032e-05
7.688281874269400353e-05
7.661594513460326860e-05
7.634929390540680404e-05
7.608286510662357960e-05
7.581665878894632167e-05
7.555067500224201470e-05
7.528491379555286346e-05
7.501937521709675378e-05
7.475405931426802510e-05
7.448896613363816162e-05
7.422409572095645634e-05
7.395944812115067522e-05
7.369502337832778893e-05
7.343082153577458276e-05
7.316684263595838844e-05
7.290308672052776178e-05
7.263955383031306542e-05
7.237624400532726842e-05
7.211315728476654259e-05
7.185029370701098077e-05
7.158765330962516601e-05
7.132523612935893055e-05
7.106304220214806054e-05
7.080107156311482455e-05
7.053932424656870548e-05
7.027780028600707812e-05
7.001649971411588681e-05
6.975542256277025529e-05
6.949456886303509657e-05
6.923393864516585831e-05
6.897353193860917338e-05
6.871334877200345611e-05
6.845338917317953930e-05
6.819365316916143314e-05
6.793414078616673182e-05
6.767485204960758927e-05
6.741578698409101734e-05
6.715694561341986157e-05
6.689832796059311292e-05
6.663993404780674799e-05
6.638176389645431181e-05
6.612381752712751415e-05
6.586609495961692068e-05
6.560859621291252218e-05
6.535132130520427665e-05
6.509427025388296313e-05
6.483744307554060180e-05
6.458083978597109096e-05
6.432446040017089823e-05
6.406830493233967039e-05
6.381237339588068059e-05
6.355666580340164158e-05
6.330118216671517997e-05
6.304592249683947322e-05
6.279088680399887309e-05
6.253607509762444769e-05
6.228148738635456429e-05
6.202712367803559401e-05
6.177298397972229131e-05
6.151906829767859357e-05
6.126537663737805482e-05
6.101190900350450297e-05
6.075866539995255486e-05
6.050564582982819898e-05
6.025285029544937828e-05
6.000027879834655931e-05
5.974793133926327438e-05
5.949580791815668393e-05
5.924390853419811870e-05
5.899223318577364889e-05
5.874078187048462627e-05
5.848955458514821273e-05
5.823855132579790206e-05
5.798777208768413657e-05
5.773721686527471370e-05
5.748688565225545006e-05
5.723677844153057445e-05
5.698689522522337844e-05
5.673723599467658899e-05
5.648780074045299190e-05
5.623858945233590616e-05
5.598960211932969215e-05
5.574083872966023275e-05
5.549229927077540094e-05
5.524398372934562895e-05
5.499589209126435555e-05
5.474802434164850712e-05
5.450038046483895169e-05
5.425296044440099357e-05
5.400576426312490874e-05
5.375879190302622259e-05
5.351204334534638763e-05
5.326551857055309515e-05
5.301921755834082409e-05
5.277314028763113247e-05
5.252728673657322653e-05
5.228165688254443513e-05
5.203625070215050108e-05
5.179106817122604875e-05
5.154610926483502447e-05
5.130137395727116413e-05
5.105686222205827780e-05
5.081257403195077823e-05
5.056850935893393838e-05
5.032466817422443352e-05
5.008105044827059870e-05
4.983765615075287604e-05
4.959448525058416702e-05
4.935153771591021881e-05
4.910881351410994946e-05
4.886631261179580707e-05
4.862403497481417638e-05
4.838198056824564980e-05
4.814014935640536624e-05
4.789854130284341088e-05
4.765715637034502526e-05
4.741599452093104097e-05
4.717505571585810324e-05
4.693433991561900975e-05
4.669384707994299528e-05
4.645357716779600270e-05
4.621353013738098794e-05
4.597370594613819103e-05
4.573410455074538683e-05
4.549472590711814250e-05
4.525556997041007504e-05
4.501663669501309521e-05
4.477792603455761080e-05
4.453943794191281128e-05
4.430117236918683040e-05
4.406312926772697658e-05
4.382530858811995654e-05
4.358771028019201759e-05
4.335033429300915771e-05
4.311318057487732204e-05
4.287624907334251811e-05
4.263953973519104618e-05
4.240305250644953319e-05
4.216678733238522406e-05
4.193074415750594789e-05
4.169492292556037540e-05
4.145932357953804604e-05
4.122394606166949679e-05
4.098879031342631630e-05
4.075385627552132790e-05
4.051914388790850148e-05
4.028465308978315001e-05
4.005038381958188890e-05
3.981633601498275795e-05
3.958250961290514682e-05
3.934890454950986955e-05
3.911552076019920527e-05
3.888235817961678293e-05
3.864941674164767624e-05
3.841669637941828164e-05
3.818419702529632511e-05
3.795191861089081473e-05
3.771986106705193902e-05
3.748802432387098564e-05
3.725640831068028719e-05
3.702501295605309920e-05
3.679383818780342401e-05
3.656288393298599035e-05
3.633215011789599593e-05
3.610163666806899221e-05
3.587134350828076240e-05
3.564127056254700980e-05
3.541141775412327646e-05
3.518178500550463823e-05
3.495237223842555572e-05
3.472317937385951514e-05
3.449420633201887243e-05
3.426545303235449416e-05
3.403691939355552032e-05
3.380860533354897808e-05
3.358051076949955820e-05
3.335263561780916775e-05
3.312497979411660492e-05
3.289754321329719302e-05
3.267032578946238073e-05
3.244332743595929486e-05
3.221654806537032023e-05
3.198998758951265240e-05
3.176364591943781659e-05
3.153752296543118656e-05
3.131161863701145605e-05
3.108593284293010347e-05
3.086046549117086332e-05
3.063521648894910961e-05
3.041018574271131707e-05
3.018537315813438020e-05
2.996077864012504065e-05
2.973640209281914860e-05
2.951224341958105291e-05
2.928830252300284218e-05
2.906457930490361288e-05
2.884107366632875452e-05
2.861778550754912626e-05
2.839471472806027091e-05
2.817186122658156452e-05
2.794922490105538623e-05
2.772680564864619674e-05
2.750460336573966081e-05
2.728261794794167817e-05
2.706084929007742477e-05
2.683929728619037356e-05
2.661796182954123739e-05
2.639684281260690855e-05
2.617594012707940166e-05
2.595525366386470170e-05
2.573478331308164254e-05
2.551452896406069401e-05
2.529449050534273875e-05
2.507466782467786945e-05
2.485506080902401326e-05
2.463566934454570527e-05
2.441649331661265197e-05
2.419753260979837938e-05
2.397878710787876936e-05
2.376025669383060611e-05
2.354194124983002441e-05
2.332384065725100867e-05
2.310595479666375648e-05
2.288828354783303194e-05
2.267082678971650892e-05
2.245358440046302611e-05
2.223655625741079815e-05
2.201974223708562663e-05
2.180314221519901295e-05
2.158675606664621014e-05
2.137058366550429497e-05
2.115462488503013513e-05
2.093887959765829195e-05
2.072334767499889601e-05
2.050802898783549573e-05
2.029292340612276358e-05
2.007803079898421586e-05
1.986335103470985119e-05
1.964888398075374831e-05
1.943462950373150804e-05
1.922058746941777995e-05
1.900675774274357220e-05
1.879314018779361555e-05
1.857973466780355796e-05
1.836654104515716946e-05
1.815355918138338424e-05
1.794078893715335301e-05
1.772823017227735301e-05
1.751588274570164722e-05
1.730374651550525207e-05
1.709182133889661031e-05
1.688010707221017237e-05
1.666860357090290323e-05
1.645731068955070449e-05
1.624622828184465022e-05
1.603535620058726675e-05
1.582469429768858552e-05
1.561424242416212813e-05
1.540400043012079653e-05
1.519396816477263450e-05
1.498414547641644506e-05
1.477453221243734865e-05
1.456512821930211598e-05
1.435593334255447887e-05
1.414694742681021233e-05
1.393817031575211339e-05
1.372960185212485113e-05
1.352124187772961851e-05
1.331309023341865884e-05
1.310514675908961101e-05
1.289741129367969709e-05
1.268988367515970680e-05
1.248256374052782594e-05
1.227545132580326503e-05
1.206854626601964911e-05
1.186184839521826174e-05
1.165535754644101637e-05
1.144907355172322773e-05
1.124299624208613086e-05
1.103712544752916631e-05
1.083146099702199093e-05
1.062600271849621086e-05
1.042075043883686371e-05
1.021570398387353833e-05
1.001086317837126067e-05
9.806227846020973196e-06
9.601797809429719413e-06
9.397572890110437159e-06
9.193552908471384224e-06
8.989737683805142180e-06
8.786127034277198370e-06
8.582720776914094224e-06
8.379518727591061969e-06
8.176520701019176831e-06
7.973726510731970527e-06
7.771135969071473856e-06
7.568748887173629096e-06
7.366565074953112870e-06
7.164584341087399222e-06
6.962806493000136591e-06
6.761231336843718418e-06
6.559858677480999091e-06
6.358688318466126437e-06
6.157720062024365398e-06
5.956953709030890017e-06
5.756389058988426008e-06
5.556025910003641403e-06
5.355864058762221762e-06
5.155903300502451214e-06
4.956143428987202774e-06
4.756584236474173604e-06
4.557225513684177179e-06
4.358067049767307714e-06
4.159108632266725267e-06
3.960350047079810808e-06
3.761791078416361332e-06
3.563431508753465450e-06
3.365271118786621118e-06
3.167309687376576694e-06
2.969546991491258359e-06
2.771982806142042751e-06
2.574616904313421038e-06
2.377449056884894010e-06
2.180479032543620541e-06
1.983706597685916121e-06
1.787131516305115015e-06
1.590753549862433313e-06
1.394572457136219725e-06
1.198587994042982810e-06
1.002799913420375419e-06
8.072079647567109250e-07
6.118118938410737083e-07
4.166114422857908348e-07
2.216063468169692767e-07
2.679633803387239666e-08
