5.239592722763693677e-04
5.239579350886278651e-04
5.239547090874566984e-04
5.239493565899726183e-04
5.239418673498514364e-04
5.239322396693073605e-04
5.239204731519651837e-04
5.239065677421992631e-04
5.238905235121725772e-04
5.238723405987154519e-04
5.238520191806712639e-04
5.238295594695697001e-04
5.238049617053660602e-04
5.237782261543306398e-04
5.237493531079267985e-04
5.237183428821848329e-04
5.236851958173306372e-04
5.236499122775594307e-04
5.236124926508879803e-04
5.235729373490581075e-04
5.235312468074687078e-04
5.234874214851260952e-04
5.234414618646061629e-04
5.233933684520257609e-04
5.233431417770178671e-04
5.232907823927094703e-04
5.232362908757044392e-04
5.231796678260643325e-04
5.231209138672927861e-04
5.230600296463189247e-04
5.229970158334824003e-04
5.229318731225171286e-04
5.228646022305352432e-04
5.227952038980125671e-04
5.227236788887710487e-04
5.226500279899629325e-04
5.225742520120544958e-04
5.224963517888088103e-04
5.224163281772675272e-04
5.223341820577343973e-04
5.222499143337561893e-04
5.221635259321039330e-04
5.220750178027547045e-04
5.219843909188711349e-04
5.218916462767821118e-04
5.217967848959620706e-04
5.216998078190105033e-04
5.216007161116299490e-04
5.214995108626049609e-04
5.213961931837799877e-04
5.212907642100357390e-04
5.211832250992673920e-04
5.210735770323596553e-04
5.209618212131638922e-04
5.208479588684727501e-04
5.207319912479958747e-04
5.206139196243344310e-04
5.204937452929548659e-04
5.203714695721626702e-04
5.202470938030759242e-04
5.201206193495976505e-04
5.199920475983890343e-04
5.198613799588397161e-04
5.197286178630406870e-04
5.195937627657544727e-04
5.194568161443858601e-04
5.193177794989520821e-04
5.191766543520521344e-04
5.190334422488363094e-04
5.188881447569742124e-04
5.187407634666239701e-04
5.185912999903994876e-04
5.184397559633378144e-04
5.182861330428661841e-04
5.181304329087681876e-04
5.179726572631508132e-04
5.178128078304091017e-04
5.176508863571906930e-04
5.174868946123627579e-04
5.173208343869740511e-04
5.171527074942198913e-04
5.169825157694052983e-04
5.168102610699079136e-04
5.166359452751407037e-04
5.164595702865140128e-04
5.162811380273969655e-04
5.161006504430795195e-04
5.159181095007318082e-04
5.157335171893664104e-04
5.155468755197965000e-04
5.153581865245970318e-04
5.151674522580623489e-04
5.149746747961658506e-04
5.147798562365185756e-04
5.145829986983250755e-04
5.143841043223436240e-04
5.141831752708413313e-04
5.139802137275509926e-04
5.137752218976278287e-04
5.135682020076050335e-04
5.133591563053487798e-04
5.131480870600138751e-04
5.129349965619972498e-04
5.127198871228936129e-04
5.125027610754470967e-04
5.122836207735066965e-04
5.120624685919780228e-04
5.118393069267755972e-04
5.116141381947757975e-04
5.113869648337681772e-04
5.111577893024068934e-04
5.109266140801608331e-04
5.106934416672653668e-04
5.104582745846720409e-04
5.102211153739978373e-04
5.099819665974747581e-04
5.097408308378991934e-04
5.094977106985802045e-04
5.092526088032876992e-04
5.090055277961998484e-04
5.087564703418516942e-04
5.085054391250805068e-04
5.082524368509738506e-04
5.079974662448154829e-04
5.077405300520306019e-04
5.074816310381323947e-04
5.072207719886667439e-04
5.069579557091563908e-04
5.066931850250465082e-04
5.064264627816482140e-04
5.061577918440821923e-04
5.058871750972217729e-04
5.056146154456364443e-04
5.053401158135344996e-04
5.050636791447043810e-04
5.047853084024578676e-04
5.045050065695704444e-04
5.042227766482228635e-04
5.039386216599425978e-04
5.036525446455436669e-04
5.033645486650663563e-04
5.030746367977181280e-04
5.027828121418124714e-04
5.024890778147074293e-04
5.021934369527459663e-04
5.018958927111918933e-04
5.015964482641707776e-04
5.012951068046056502e-04
5.009918715441550978e-04
5.006867457131504873e-04
5.003797325605326488e-04
5.000708353537879070e-04
4.997600573788845476e-04
4.994474019402090660e-04
4.991328723605003561e-04
4.988164719807859594e-04
4.984982041603165789e-04
4.981780722765001600e-04
4.978560797248368381e-04
4.975322299188521518e-04
4.972065262900310150e-04
4.968789722877502797e-04
4.965495713792131413e-04
4.962183270493800754e-04
4.958852428009024845e-04
4.955503221540539594e-04
4.952135686466621915e-04
4.948749858340409933e-04
4.945345772889204756e-04
4.941923466013787430e-04
4.938482973787723966e-04
4.935024332456656266e-04
4.931547578437625590e-04
4.928052748318345047e-04
4.924539878856510049e-04
4.921009006979083821e-04
4.917460169781583991e-04
4.913893404527378949e-04
4.910308748646957091e-04
4.906706239737216669e-04
4.903085915560743708e-04
4.899447814045081260e-04
4.895791973282011657e-04
4.892118431526811667e-04
4.888427227197539087e-04
4.884718398874278141e-04
4.880991985298418481e-04
4.877248025371901672e-04
4.873486558156489351e-04
4.869707622873008083e-04
4.865911258900608308e-04
4.862097505776012988e-04
4.858266403192761920e-04
4.854417991000462549e-04
4.850552309204021273e-04
4.846669397962899135e-04
4.842769297590337704e-04
4.838852048552599590e-04
4.834917691468201373e-04
4.830966267107141107e-04
4.826997816390131792e-04
4.823012380387826166e-04
4.819010000320040417e-04
4.814990717554973559e-04
4.810954573608437106e-04
4.806901610143057640e-04
4.802831868967509196e-04
4.798745392035710412e-04
4.794642221446051493e-04
4.790522399440588102e-04
4.786385968404267789e-04
4.782232970864109243e-04
4.778063449488438477e-04
4.773877447086058868e-04
4.769675006605471074e-04
4.765456171134063138e-04
4.761220983897307087e-04
4.756969488257949043e-04
4.752701727715213410e-04
4.748417745903975632e-04
4.744117586593966929e-04
4.739801293688945968e-04
4.735468911225899262e-04
4.731120483374207965e-04
4.726756054434843929e-04
4.722375668839540836e-04
4.717979371149973460e-04
4.713567206056935291e-04
4.709139218379515090e-04
4.704695453064262054e-04
4.700235955184369949e-04
4.695760769938839025e-04
4.691269942651641722e-04
4.686763518770897048e-04
4.682241543868035207e-04
4.677704063636954081e-04
4.673151123893190908e-04
4.668582770573081477e-04
4.663999049732913912e-04
4.659400007548094376e-04
4.654785690312300854e-04
4.650156144436639639e-04
4.645511416448801830e-04
4.640851552992210057e-04
4.636176600825180397e-04
4.631486606820063145e-04
4.626781617962400384e-04
4.622061681350068930e-04
4.617326844192430851e-04
4.612577153809477499e-04
4.607812657630979488e-04
4.603033403195619334e-04
4.598239438150148492e-04
4.593430810248517277e-04
4.588607567351024857e-04
4.583769757423452424e-04
4.578917428536202891e-04
4.574050628863445445e-04
4.569169406682242231e-04
4.564273810371694538e-04
4.559363888412067307e-04
4.554439689383935324e-04
4.549501261967308263e-04
4.544548654940761706e-04
4.539581917180579530e-04
4.534601097659876254e-04
4.529606245447727504e-04
4.524597409708307530e-04
4.519574639700007211e-04
4.514537984774569398e-04
4.509487494376216679e-04
4.504423218040778053e-04
4.499345205394808555e-04
4.494253506154726775e-04
4.489148170125930692e-04
4.484029247201929227e-04
4.478896787363459159e-04
4.473750840677615599e-04
4.468591457296969987e-04
4.463418687458700022e-04
4.458232581483707120e-04
4.453033189775734420e-04
4.447820562820497246e-04
4.442594751184799490e-04
4.437355805515656487e-04
4.432103776539414648e-04
4.426838715060871080e-04
4.421560671962394308e-04
4.416269698203044436e-04
4.410965844817694948e-04
4.405649162916149626e-04
4.400319703682263259e-04
4.394977518373054223e-04
4.389622658317839836e-04
4.384255174917334836e-04
4.378875119642788361e-04
4.373482544035088939e-04
4.368077499703891704e-04
4.362660038326734773e-04
4.357230211648158331e-04
4.351788071478818838e-04
4.346333669694617328e-04
4.340867058235809827e-04
4.335388289106129143e-04
4.329897414371905039e-04
4.324394486161187113e-04
4.318879556662849790e-04
4.313352678125732548e-04
4.307813902857741658e-04
4.302263283224983903e-04
4.296700871650874286e-04
4.291126720615268120e-04
4.285540882653573612e-04
4.279943410355878538e-04
4.274334356366068783e-04
4.268713773380947434e-04
4.263081714149366324e-04
4.257438231471334829e-04
4.251783378197159001e-04
4.246117207226550363e-04
4.240439771507759081e-04
4.234751124036693600e-04
4.229051317856046227e-04
4.223340406054425776e-04
4.217618441765470143e-04
4.211885478166981119e-04
4.206141568480054852e-04
4.200386765968199313e-04
4.194621123936473437e-04
4.188844695730605666e-04
4.183057534736133094e-04
4.177259694377527055e-04
4.171451228117321430e-04
4.165632189455251242e-04
4.159802631927379335e-04
4.153962609105231723e-04
4.148112174594933478e-04
4.142251382036340286e-04
4.136380285102173797e-04
4.130498937497162392e-04
4.124607392957178160e-04
4.118705705248366824e-04
4.112793928166299357e-04
4.106872115535101903e-04
4.100940321206599805e-04
4.094998599059466505e-04
4.089047002998354012e-04
4.083085586953047767e-04
4.077114404877604163e-04
4.071133510749501069e-04
4.065142958568784023e-04
4.059142802357213506e-04
4.053133096157413842e-04
4.047113894032023187e-04
4.041085250062851643e-04
4.035047218350020946e-04
4.028999853011131253e-04
4.022943208180408963e-04
4.016877338007862662e-04
4.010802296658445040e-04
4.004718138311211002e-04
3.998624917158469282e-04
3.992522687404956826e-04
3.986411503266989857e-04
3.980291418971637174e-04
3.974162488755873389e-04
3.968024766865760897e-04
3.961878307555603655e-04
3.955723165087124816e-04
3.949559393728635146e-04
3.943387047754204149e-04
3.937206181442833366e-04
3.931016849077636176e-04
3.924819104945006208e-04
3.918613003333804197e-04
3.912398598534526937e-04
3.906175944838497925e-04
3.899945096537047709e-04
3.893706107920692056e-04
3.887459033278326394e-04
3.881203926896403442e-04
3.874940843058135784e-04
3.868669836042667532e-04
3.862390960124285574e-04
3.856104269571597205e-04
3.849809818646738116e-04
3.843507661604565208e-04
3.837197852691848318e-04
3.830880446146483088e-04
3.824555496196683233e-04
3.818223057060192872e-04
3.811883182943483130e-04
3.805535928040967180e-04
3.799181346534207145e-04
3.792819492591123715e-04
3.786450420365213899e-04
3.780074183994759011e-04
3.773690837602044590e-04
3.767300435292583564e-04
3.760903031154330211e-04
3.754498679256902780e-04
3.748087433650813707e-04
3.741669348366689538e-04
3.735244477414502765e-04
3.728812874782799877e-04
3.722374594437936998e-04
3.715929690323306308e-04
3.709478216358582520e-04
3.703020226438951475e-04
3.696555774434357160e-04
3.690084914188739517e-04
3.683607699519280917e-04
3.677124184215653188e-04
3.670634422039263005e-04
3.664138466722503254e-04
3.657636371968007636e-04
3.651128191447904742e-04
3.644613978803072120e-04
3.638093787642399557e-04
3.631567671542048573e-04
3.625035684044711909e-04
3.618497878658884941e-04
3.611954308858132223e-04
3.605405028080352391e-04
3.598850089727056089e-04
3.592289547162637927e-04
3.585723453713654399e-04
3.579151862668098014e-04
3.572574827274686599e-04
3.565992400742141219e-04
3.559404636238472776e-04
3.552811586890268058e-04
3.546213305781985552e-04
3.539609845955243666e-04
3.533001260408118703e-04
3.526387602094435258e-04
3.519768923923078286e-04
3.513145278757283494e-04
3.506516719413949957e-04
3.499883298662938096e-04
3.493245069226392054e-04
3.486602083778037671e-04
3.479954394942506488e-04
3.473302055294646734e-04
3.466645117358846786e-04
3.459983633608348323e-04
3.453317656464586051e-04
3.446647238296493814e-04
3.439972431419851900e-04
3.433293288096606164e-04
3.426609860534207751e-04
3.419922200884947935e-04
3.413230361245298385e-04
3.406534393655249256e-04
3.399834350097657044e-04
3.393130282497590269e-04
3.386422242721677327e-04
3.379710282577458682e-04
3.372994453812741219e-04
3.366274808114957484e-04
3.359551397110520040e-04
3.352824272364191005e-04
3.346093485378437492e-04
3.339359087592807108e-04
3.332621130383294785e-04
3.325879665061713393e-04
3.319134742875070872e-04
3.312386415004951691e-04
3.305634732566891808e-04
3.298879746609762300e-04
3.292121508115158956e-04
3.285360067996790788e-04
3.278595477099864749e-04
3.271827786200490499e-04
3.265057046005066755e-04
3.258283307149685516e-04
3.251506620199536837e-04
3.244727035648306557e-04
3.237944603917591911e-04
3.231159375356304139e-04
3.224371400240088432e-04
3.217580728770737383e-04
3.210787411075606058e-04
3.203991497207037370e-04
3.197193037141785824e-04
3.190392080780443435e-04
3.183588677946867806e-04
3.176782878387621602e-04
3.169974731771397916e-04
3.163164287688464624e-04
3.156351595650105468e-04
3.149536705088060076e-04
3.142719665353972095e-04
3.135900525718842758e-04
3.129079335372474688e-04
3.122256143422935757e-04
3.115430998896009398e-04
3.108603950734660092e-04
3.101775047798495063e-04
3.094944338863232476e-04
3.088111872620165300e-04
3.081277697675641430e-04
3.074441862550532432e-04
3.067604415679713666e-04
3.060765405411544409e-04
3.053924880007353408e-04
3.047082887640921163e-04
3.040239476397974157e-04
3.033394694275672564e-04
3.026548589182107723e-04
3.019701208935802864e-04
3.012852601265205701e-04
3.006002813808203249e-04
2.999151894111618758e-04
2.992299889630726530e-04
2.985446847728764571e-04
2.978592815676446700e-04
2.971737840651484416e-04
2.964881969738106054e-04
2.958025249926582987e-04
2.951167728112752582e-04
2.944309451097553614e-04
2.937450465586554098e-04
2.930590818189492130e-04
2.923730555419812391e-04
2.916869723694204817e-04
2.910008369332154655e-04
2.903146538555488186e-04
2.896284277487920066e-04
2.889421632154612601e-04
2.882558648481727426e-04
2.875695372295985325e-04
2.868831849324233628e-04
2.861968125193004400e-04
2.855104245428087269e-04
2.848240255454099535e-04
2.841376200594058457e-04
2.834512126068963831e-04
2.827648076997367563e-04
2.820784098394968722e-04
2.813920235174192865e-04
2.807056532143780586e-04
2.800193034008382565e-04
2.793329785368149740e-04
2.786466830718335947e-04
2.779604214448898390e-04
2.772741980844093779e-04
2.765880174082094517e-04
2.759018838234594600e-04
2.752158017266419839e-04
2.745297755035146225e-04
2.738438095290717206e-04
2.731579081675064753e-04
2.724720757721734235e-04
2.717863166855512529e-04
2.711006352392055061e-04
2.704150357537522592e-04
2.697295225388216390e-04
2.690440998930215019e-04
2.683587721039019263e-04
2.676735434479193257e-04
2.669884181904018622e-04
2.663034005855139394e-04
2.656184948762218873e-04
2.649337052942592674e-04
2.642490360600936424e-04
2.635644913828915563e-04
2.628800754604863877e-04
2.621957924793444144e-04
2.615116466145322332e-04
2.608276420296838541e-04
2.601437828769689875e-04
2.594600732970606810e-04
2.587765174191033893e-04
2.580931193606823457e-04
2.574098832277915781e-04
2.567268131148034969e-04
2.560439131044387005e-04
2.553611872677348581e-04
2.546786396640176534e-04
2.539962743408705355e-04
2.533140953341057162e-04
2.526321066677348964e-04
2.519503123539403185e-04
2.512687163930467935e-04
2.505873227734926444e-04
2.499061354718030352e-04
2.492251584525606968e-04
2.485443956683801238e-04
2.478638510598796013e-04
2.471835285556546967e-04
2.465034320722514255e-04
2.458235655141410435e-04
2.451439327736927251e-04
2.444645377311491685e-04
2.437853842546004127e-04
2.431064761999591714e-04
2.424278174109360047e-04
2.417494117190146542e-04
2.410712629434281628e-04
2.403933748911345073e-04
2.397157513567932342e-04
2.390383961227420949e-04
2.383613129589737896e-04
2.376845056231132803e-04
2.370079778603953480e-04
2.363317334036421223e-04
2.356557759732410455e-04
2.349801092771238115e-04
2.343047370107441125e-04
2.336296628570570940e-04
2.329548904864981850e-04
2.322804235569627697e-04
2.316062657137855875e-04
2.309324205897210546e-04
2.302588918049231794e-04
2.295856829669262094e-04
2.289127976706257660e-04
2.282402394982589223e-04
2.275680120193869103e-04
2.268961187908757676e-04
2.262245633568782583e-04
2.255533492488166888e-04
2.248824799853645030e-04
2.242119590724297486e-04
2.235417900031373771e-04
2.228719762578129269e-04
2.222025213039658807e-04
2.215334285962733754e-04
2.208647015765642912e-04
2.201963436738035309e-04
2.195283583040765971e-04
2.188607488705746572e-04
2.181935187635790938e-04
2.175266713604472740e-04
2.168602100255982116e-04
2.161941381104982276e-04
2.155284589536471548e-04
2.148631758805647841e-04
2.141982922037776924e-04
2.135338112228056084e-04
2.128697362241492694e-04
2.122060704812776550e-04
2.115428172546152748e-04
2.108799797915306487e-04
2.102175613263243808e-04
2.095555650802173955e-04
2.088939942613397707e-04
2.082328520647201123e-04
2.075721416722738717e-04
2.069118662527938326e-04
2.062520289619390785e-04
2.055926329422254795e-04
2.049336813230154188e-04
2.042751772205089029e-04
2.036171237377335593e-04
2.029595239645361259e-04
2.023023809775736958e-04
2.016456978403047186e-04
2.009894776029810587e-04
2.003337233026398904e-04
1.996784379630958380e-04
1.990236245949335487e-04
1.983692861955000763e-04
1.977154257488980776e-04
1.970620462259788737e-04
1.964091505843357276e-04
1.957567417682977461e-04
1.951048227089234013e-04
1.944533963239950284e-04
1.938024655180127542e-04
1.931520331821894281e-04
1.925021021944450664e-04
1.918526754194023790e-04
1.912037557083815658e-04
1.905553458993961425e-04
1.899074488171483867e-04
1.892600672730256246e-04
1.886132040650962197e-04
1.879668619781059403e-04
1.873210437834748156e-04
1.866757522392938290e-04
1.860309900903220988e-04
1.853867600679840594e-04
1.847430648903672932e-04
1.840999072622199009e-04
1.834572898749488486e-04
1.828152154066179074e-04
1.821736865219462985e-04
1.815327058723069853e-04
1.808922760957260229e-04
1.802523998168811760e-04
1.796130796471015392e-04
1.789743181843666967e-04
1.783361180133067768e-04
1.776984817052022889e-04
1.770614118179839611e-04
1.764249108962335805e-04
1.757889814711841828e-04
1.751536260607208654e-04
1.745188471693820615e-04
1.738846472883601906e-04
1.732510288955035015e-04
1.726179944553174277e-04
1.719855464189665390e-04
1.713536872242762488e-04
1.707224192957354167e-04
1.700917450444982724e-04
1.694616668683874249e-04
1.688321871518964098e-04
1.682033082661927800e-04
1.675750325691211678e-04
1.669473624052067277e-04
1.663203001056588770e-04
1.656938479883748188e-04
1.650680083579434191e-04
1.644427835056498405e-04
1.638181757094791754e-04
1.631941872341217037e-04
1.625708203309768774e-04
1.619480772381587960e-04
1.613259601805011394e-04
1.607044713695621012e-04
1.600836130036303515e-04
1.594633872677302415e-04
1.588437963336279289e-04
1.582248423598369618e-04
1.576065274916250275e-04
1.569888538610198078e-04
1.563718235868157545e-04
1.557554387745805409e-04
1.551397015166621905e-04
1.545246138921960697e-04
1.539101779671120710e-04
1.532963957941419582e-04
1.526832694128269017e-04
1.520708008495252309e-04
1.514589921174205108e-04
1.508478452165292404e-04
1.502373621337094449e-04
1.496275448426687257e-04
1.490183953039731510e-04
1.484099154650555771e-04
1.478021072602249181e-04
1.471949726106748740e-04
1.465885134244933091e-04
1.459827315966714674e-04
1.453776290091134864e-04
1.447732075306461556e-04
1.441694690170286194e-04
1.435664153109623520e-04
1.429640482421014303e-04
1.423623696270624273e-04
1.417613812694351995e-04
1.411610849597932688e-04
1.405614824757044740e-04
1.399625755817419221e-04
1.393643660294949650e-04
1.387668555575802861e-04
1.381700458916532300e-04
1.375739387444190780e-04
1.369785358156447850e-04
1.363838387921705530e-04
1.357898493479217845e-04
1.351965691439206837e-04
1.346039998282989414e-04
1.340121430363093902e-04
1.334210003903386899e-04
1.328305734999197141e-04
1.322408639617442087e-04
1.316518733596754227e-04
1.310636032647611725e-04
1.304760552352465547e-04
1.298892308165873358e-04
1.293031315414630707e-04
1.287177589297904662e-04
1.281331144887368515e-04
1.275491997127338668e-04
1.269660160834909881e-04
1.263835650700094872e-04
1.258018481285964440e-04
1.252208667028786252e-04
1.246406222238168493e-04
1.240611161097200004e-04
1.234823497662598270e-04
1.229043245864849289e-04
1.223270419508357728e-04
1.217505032271592346e-04
1.211747097707233578e-04
1.205996629242324510e-04
1.200253640178418200e-04
1.194518143691732304e-04
1.188790152833297484e-04
1.183069680529112987e-04
1.177356739580300737e-04
1.171651342663258751e-04
1.165953502329818077e-04
1.160263231007399327e-04
1.154580540999170559e-04
1.148905444484205849e-04
1.143237953517643848e-04
1.137578080030849335e-04
1.131925835831574758e-04
1.126281232604119478e-04
1.120644281909496194e-04
1.115014995185591677e-04
1.109393383747332110e-04
1.103779458786849241e-04
1.098173231373644098e-04
1.092574712454754500e-04
1.086983912854924461e-04
1.081400843276768720e-04
1.075825514300943908e-04
1.070257936386316599e-04
1.064698119870134750e-04
1.059146074968196296e-04
1.053601811775023298e-04
1.048065340264031756e-04
1.042536670287703591e-04
1.037015811577762423e-04
1.031502773745345415e-04
1.025997566281177422e-04
1.020500198555746095e-04
1.015010679819477785e-04
1.009529019202911834e-04
1.004055225716879467e-04
9.985893082526767239e-05
9.931312755822449740e-05
9.876811363583473755e-05
9.822388991147461398e-05
9.768045722663823741e-05
9.713781641095538906e-05
9.659596828220942352e-05
9.605491364635537494e-05
9.551465329753769731e-05
9.497518801810853322e-05
9.443651857864564388e-05
9.389864573797039333e-05
9.336157024316599012e-05
9.282529282959563416e-05
9.228981422092048738e-05
9.175513512911806448e-05
9.122125625450013583e-05
9.068817828573130801e-05
9.015590189984680469e-05
8.962442776227110138e-05
8.909375652683589606e-05
8.856388883579847287e-05
8.803482531985990314e-05
8.750656659818338199e-05
8.697911327841241578e-05
8.645246595668917226e-05
8.592662521767262739e-05
8.540159163455687482e-05
8.487736576908951665e-05
8.435394817158963410e-05
8.383133938096630022e-05
8.330953992473663194e-05
8.278855031904407233e-05
8.226837106867657817e-05
8.174900266708482095e-05
8.123044559640021174e-05
8.071270032745326488e-05
8.019576731979154150e-05
7.967964702169771506e-05
7.916433987020771819e-05
7.864984629112872685e-05
7.813616669905711748e-05
7.762330149739646475e-05
7.711125107837534952e-05
7.660001582306534313e-05
7.608959610139874759e-05
7.557999227218639010e-05
7.507120468313533616e-05
7.456323367086657565e-05
7.405607956093265463e-05
7.354974266783509038e-05
7.304422329504207099e-05
7.253952173500574836e-05
7.203563826917966676e-05
7.153257316803594747e-05
7.103032669108262241e-05
7.052889908688079166e-05
7.002829059306153704e-05
6.952850143634305244e-05
6.902953183254751681e-05
6.853138198661779077e-05
6.803405209263428959e-05
6.753754233383147656e-05
6.704185288261447844e-05
6.654698390057548396e-05
6.605293553850996623e-05
6.555970793643308130e-05
6.506730122359556526e-05
6.457571551849980755e-05
6.408495092891576159e-05
6.359500755189647606e-05
6.310588547379404611e-05
6.261758477027471099e-05
6.213010550633441226e-05
6.164344773631398621e-05
6.115761150391412588e-05
6.067259684221037688e-05
6.018840377366782834e-05
5.970503231015570901e-05
5.922248245296190199e-05
5.874075419280710037e-05
5.825984750985892214e-05
5.777976237374595066e-05
5.730049874357128040e-05
5.682205656792621850e-05
5.634443578490355952e-05
5.586763632211078561e-05
5.539165809668298202e-05
5.491650101529562392e-05
5.444216497417707866e-05
5.396864985912098593e-05
5.349595554549820437e-05
5.302408189826885294e-05
5.255302877199374254e-05
5.208279601084588880e-05
5.161338344862154392e-05
5.114479090875107253e-05
5.067701820430957008e-05
5.021006513802716957e-05
4.974393150229902298e-05
4.927861707919516072e-05
4.881412164046986321e-05
4.835044494757078851e-05
4.788758675164787632e-05
4.742554679356183865e-05
4.696432480389231844e-05
4.650392050294576356e-05
4.604433360076286042e-05
4.558556379712577772e-05
4.512761078156482080e-05
4.467047423336491653e-05
4.421415382157154925e-05
4.375864920499637837e-05
4.330396003222242895e-05
4.285008594160886894e-05
4.239702656129531896e-05
4.194478150920577568e-05
4.149335039305201354e-05
4.104273281033645788e-05
4.059292834835481414e-05
4.014393658419792454e-05
3.969575708475318431e-05
3.924838940670555818e-05
3.880183309653787170e-05
3.835608769053065541e-05
3.791115271476138592e-05
3.746702768510305607e-05
3.702371210722226407e-05
3.658120547657652330e-05
3.613950727841107747e-05
3.569861698775485519e-05
3.525853406941590956e-05
3.481925797797599033e-05
3.438078815778449957e-05
3.394312404295160010e-05
3.350626505734059226e-05
3.307021061455936228e-05
3.263496011795115971e-05
3.220051296058443310e-05
3.176686852524162203e-05
3.133402618440729186e-05
3.090198530025504878e-05
3.047074522463368913e-05
3.004030529905204767e-05
2.961066485466306658e-05
2.918182321224655328e-05
2.875377968219088447e-05
2.832653356447346681e-05
2.790008414864003885e-05
2.747443071378259389e-05
2.704957252851606631e-05
2.662550885095359816e-05
2.620223892868034216e-05
2.577976199872582811e-05
2.535807728753471986e-05
2.493718401093601047e-05
2.451708137411051647e-05
2.409776857155657300e-05
2.367924478705394685e-05
2.326150919362585207e-05
2.284456095349892603e-05
2.242839921806115893e-05
2.201302312781760757e-05
2.159843181234389321e-05
2.118462439023723631e-05
2.077159996906505858e-05
2.035935764531091852e-05
1.994789650431772637e-05
1.953721562022802489e-05
1.912731405592130215e-05
1.871819086294802795e-05
1.830984508146033272e-05
1.790227574013924055e-05
1.749548185611796191e-05
1.708946243490138485e-05
1.668421647028132430e-05
1.627974294424723462e-05
1.587604082689239557e-05
1.547310907631491798e-05
1.507094663851352979e-05
1.466955244727765496e-05
1.426892542407145971e-05
1.386906447791144611e-05
1.346996850523713555e-05
1.307163638977431866e-05
1.267406700239039565e-05
1.227725920094112939e-05
1.188121183010817774e-05
1.148592372122664270e-05
1.109139369210183348e-05
1.069762054681430154e-05
1.030460307551207866e-05
9.912340054188993144e-06
9.520830244447732709e-06
9.130072393246068326e-06
8.740065232624653400e-06
8.350807479414301045e-06
7.962297834920525297e-06
7.574534984582696753e-06
7.187517597604708250e-06
6.801244326553521058e-06
6.415713806921297981e-06
6.030924656645967453e-06
5.646875475583987886e-06
5.263564844927743163e-06
4.880991326558191774e-06
4.499153462321055142e-06
4.118049773211662763e-06
3.737678758449179921e-06
3.358038894414839180e-06
2.979128633419822550e-06
2.600946402255043663e-06
2.223490600454039484e-06
1.846759598165495016e-06
1.470751733470750522e-06
1.095465308863944464e-06
7.208985863557675054e-07
3.470497799820909939e-07
nan
2.200628943560749321e-07
2.200628943560749321e-07
2.200628943560749321e-07
2.200628943560749321e-07
2.200628943560749321e-07
2.200628943560749321e-07
2.200628943560749321e-07
2.200628943560749321e-07
2.200628943560749321e-07
2.200628943560749321e-07
2.200628943560749321e-07
2.200628943560749321e-07
2.200628943560749321e-07
2.200628943560749321e-07
2.200628943560749321e-07
2.200628943560749321e-07
2.200628943560749321e-07
2.200628943560749321e-07
2.200628943560749321e-07
2.200628943560749321e-07
2.200628943560749321e-07
2.200628943560749321e-07
2.200628943560749321e-07
2.200628943560749321e-07
2.200628943560749321e-07
2.200628943560749321e-07
2.200628943560749321e-07
2.200628943560749321e-07
2.200628943560749321e-07
2.200628943560749321e-07
2.200628943560749321e-07
2.200628943560749321e-07
2.200628943560749321e-07
2.200628943560749321e-07
2.200628943560749321e-07
2.200628943560749321e-07
2.200628943560749321e-07
2.200628943560749321e-07
2.200628943560749321e-07
2.200628943560749321e-07
2.200628943560749321e-07
2.200628943560749321e-07
2.200628943560749321e-07
2.200628943560749321e-07
2.200628943560749321e-07
2.200628943560749321e-07
2.200628943560749321e-07
2.200628943560749321e-07
2.200628943560749321e-07
2.200628943560749321e-07
2.200628943560749321e-07
2.200628943560749321e-07
2.200628943560749321e-07
2.200628943560749321e-07
2.200628943560749321e-07
2.200628943560749321e-07
2.200628943560749321e-07
2.200628943560749321e-07
2.200628943560749321e-07
2.200628943560749321e-07
2.200628943560749321e-07
2.200628943560749321e-07
2.200628943560749321e-07
2.200628943560749321e-07
2.200628943560749321e-07
2.200628943560749321e-07
2.200628943560749321e-07
2.200628943560749321e-07
2.200628943560749321e-07
2.200628943560749321e-07
2.200628943560749321e-07
2.200628943560749321e-07
2.200628943560749321e-07
2.200628943560749321e-07
2.200628943560749321e-07
2.200628943560749321e-07
2.200628943560749321e-07
2.200628943560749321e-07
2.200628943560749321e-07
2.200628943560749321e-07
2.200628943560749321e-07
2.200628943560749321e-07
2.200628943560749321e-07
2.200628943560749321e-07
2.200628943560749321e-07
2.200628943560749321e-07
2.200628943560749321e-07
2.200628943560749321e-07
2.200628943560749321e-07
2.200628943560749321e-07
2.200628943560749321e-07
2.200628943560749321e-07
2.200628943560749321e-07
2.200628943560749321e-07
2.200628943560749321e-07
2.200628943560749321e-07
2.200628943560749321e-07
2.200628943560749321e-07
2.200628943560749321e-07
2.200628943560749321e-07
2.200628943560749321e-07
2.200628943560749321e-07
2.200628943560749321e-07
2.200628943560749321e-07
2.200628943560749321e-07
2.200628943560749321e-07
2.200628943560749321e-07
2.200628943560749321e-07
2.200628943560749321e-07
2.200628943560749321e-07
2.200628943560749321e-07
2.200628943560749321e-07
2.200628943560749321e-07
2.200628943560749321e-07
2.200628943560749321e-07
2.200628943560749321e-07
2.200628943560749321e-07
2.200628943560749321e-07
2.200628943560749321e-07
2.200628943560749321e-07
2.200628943560749321e-07
2.200628943560749321e-07
2.200628943560749321e-07
2.200628943560749321e-07
2.200628943560749321e-07
2.200628943560749321e-07
2.200628943560749321e-07
2.200628943560749321e-07
2.200628943560749321e-07
2.200628943560749321e-07
2.200628943560749321e-07
2.200628943560749321e-07
2.200628943560749321e-07
2.200628943560749321e-07
2.200628943560749321e-07
2.200628943560749321e-07
2.200628943560749321e-07
2.200628943560749321e-07
2.200628943560749321e-07
2.200628943560749321e-07
2.200628943560749321e-07
2.200628943560749321e-07
2.200628943560749321e-07
2.200628943560749321e-07
2.200628943560749321e-07
2.200628943560749321e-07
2.200628943560749321e-07
2.200628943560749321e-07
2.200628943560749321e-07
2.200628943560749321e-07
2.200628943560749321e-07
2.200628943560749321e-07
2.200628943560749321e-07
2.200628943560749321e-07
2.200628943560749321e-07
2.200628943560749321e-07
2.200628943560749321e-07
2.200628943560749321e-07
2.200628943560749321e-07
2.200628943560749321e-07
2.200628943560749321e-07
2.200628943560749321e-07
2.200628943560749321e-07
2.200628943560749321e-07
2.200628943560749321e-07
2.200628943560749321e-07
2.200628943560749321e-07
2.200628943560749321e-07
2.200628943560749321e-07
2.200628943560749321e-07
2.200628943560749321e-07
2.200628943560749321e-07
2.200628943560749321e-07
2.200628943560749321e-07
2.200628943560749321e-07
2.200628943560749321e-07
2.200628943560749321e-07
2.200628943560749321e-07
2.200628943560749321e-07
2.200628943560749321e-07
2.200628943560749321e-07
2.200628943560749321e-07
2.200628943560749321e-07
2.200628943560749321e-07
2.200628943560749321e-07
2.200628943560749321e-07
2.200628943560749321e-07
2.200628943560749321e-07
2.200628943560749321e-07
2.200628943560749321e-07
2.200628943560749321e-07
2.200628943560749321e-07
2.200628943560749321e-07
2.200628943560749321e-07
2.200628943560749321e-07
2.200628943560749321e-07
2.200628943560749321e-07
2.200628943560749321e-07
2.200628943560749321e-07
2.200628943560749321e-07
2.200628943560749321e-07
2.200628943560749321e-07
2.200628943560749321e-07
2.200628943560749321e-07
2.200628943560749321e-07
2.200628943560749321e-07
2.200628943560749321e-07
2.200628943560749321e-07
2.200628943560749321e-07
2.200628943560749321e-07
2.200628943560749321e-07
2.200628943560749321e-07
2.200628943560749321e-07
2.200628943560749321e-07
2.200628943560749321e-07
2.200628943560749321e-07
2.200628943560749321e-07
2.200628943560749321e-07
2.200628943560749321e-07
2.200628943560749321e-07
2.200628943560749321e-07
2.200628943560749321e-07
2.200628943560749321e-07
2.200628943560749321e-07
2.200628943560749321e-07
2.200628943560749321e-07
2.200628943560749321e-07
2.200628943560749321e-07
2.200628943560749321e-07
2.200628943560749321e-07
2.200628943560749321e-07
2.200628943560749321e-07
2.200628943560749321e-07
2.200628943560749321e-07
2.200628943560749321e-07
2.200628943560749321e-07
2.200628943560749321e-07
2.200628943560749321e-07
2.200628943560749321e-07
2.200628943560749321e-07
2.200628943560749321e-07
2.200628943560749321e-07
2.200628943560749321e-07
2.200628943560749321e-07
2.200628943560749321e-07
2.200628943560749321e-07
2.200628943560749321e-07
2.200628943560749321e-07
2.200628943560749321e-07
2.200628943560749321e-07
2.200628943560749321e-07
2.200628943560749321e-07
2.200628943560749321e-07
2.200628943560749321e-07
2.200628943560749321e-07
2.200628943560749321e-07
2.200628943560749321e-07
2.200628943560749321e-07
2.200628943560749321e-07
2.200628943560749321e-07
2.200628943560749321e-07
2.200628943560749321e-07
2.200628943560749321e-07
2.200628943560749321e-07
2.200628943560749321e-07
2.200628943560749321e-07
2.200628943560749321e-07
2.200628943560749321e-07
2.200628943560749321e-07
2.200628943560749321e-07
2.200628943560749321e-07
2.200628943560749321e-07
2.200628943560749321e-07
2.200628943560749321e-07
2.200628943560749321e-07
2.200628943560749321e-07
2.200628943560749321e-07
2.200628943560749321e-07
2.200628943560749321e-07
2.200628943560749321e-07
2.200628943560749321e-07
2.200628943560749321e-07
2.200628943560749321e-07
2.200628943560749321e-07
2.200628943560749321e-07
2.200628943560749321e-07
2.200628943560749321e-07
2.200628943560749321e-07
2.200628943560749321e-07
2.200628943560749321e-07
2.200628943560749321e-07
2.200628943560749321e-07
2.200628943560749321e-07
2.200628943560749321e-07
2.200628943560749321e-07
2.200628943560749321e-07
2.200628943560749321e-07
2.200628943560749321e-07
2.200628943560749321e-07
2.200628943560749321e-07
2.200628943560749321e-07
2.200628943560749321e-07
2.200628943560749321e-07
2.200628943560749321e-07
2.200628943560749321e-07
2.200628943560749321e-07
2.200628943560749321e-07
2.200628943560749321e-07
2.200628943560749321e-07
2.200628943560749321e-07
2.200628943560749321e-07
2.200628943560749321e-07
2.200628943560749321e-07
2.200628943560749321e-07
2.200628943560749321e-07
2.200628943560749321e-07
2.200628943560749321e-07
2.200628943560749321e-07
2.200628943560749321e-07
2.200628943560749321e-07
2.200628943560749321e-07
2.200628943560749321e-07
2.200628943560749321e-07
2.200628943560749321e-07
2.200628943560749321e-07
2.200628943560749321e-07
2.200628943560749321e-07
2.200628943560749321e-07
2.200628943560749321e-07
2.200628943560749321e-07
2.200628943560749321e-07
2.200628943560749321e-07
2.200628943560749321e-07
2.200628943560749321e-07
2.200628943560749321e-07
2.200628943560749321e-07
2.200628943560749321e-07
2.200628943560749321e-07
2.200628943560749321e-07
2.200628943560749321e-07
2.200628943560749321e-07
2.200628943560749321e-07
2.200628943560749321e-07
2.200628943560749321e-07
2.200628943560749321e-07
2.200628943560749321e-07
2.200628943560749321e-07
2.200628943560749321e-07
2.200628943560749321e-07
2.200628943560749321e-07
2.200628943560749321e-07
2.200628943560749321e-07
2.200628943560749321e-07
2.200628943560749321e-07
2.200628943560749321e-07
2.200628943560749321e-07
2.200628943560749321e-07
2.200628943560749321e-07
2.200628943560749321e-07
2.200628943560749321e-07
2.200628943560749321e-07
2.200628943560749321e-07
2.200628943560749321e-07
2.200628943560749321e-07
2.200628943560749321e-07
2.200628943560749321e-07
2.200628943560749321e-07
2.200628943560749321e-07
2.200628943560749321e-07
2.200628943560749321e-07
2.200628943560749321e-07
2.200628943560749321e-07
2.200628943560749321e-07
2.200628943560749321e-07
2.200628943560749321e-07
2.200628943560749321e-07
2.200628943560749321e-07
2.200628943560749321e-07
2.200628943560749321e-07
2.200628943560749321e-07
2.200628943560749321e-07
2.200628943560749321e-07
2.200628943560749321e-07
2.200628943560749321e-07
2.200628943560749321e-07
2.200628943560749321e-07
2.200628943560749321e-07
2.200628943560749321e-07
2.200628943560749321e-07
2.200628943560749321e-07
2.200628943560749321e-07
2.200628943560749321e-07
2.200628943560749321e-07
2.200628943560749321e-07
2.200628943560749321e-07
2.200628943560749321e-07
2.200628943560749321e-07
2.200628943560749321e-07
2.200628943560749321e-07
2.200628943560749321e-07
2.200628943560749321e-07
2.200628943560749321e-07
2.200628943560749321e-07
2.200628943560749321e-07
2.200628943560749321e-07
2.200628943560749321e-07
2.200628943560749321e-07
2.200628943560749321e-07
2.200628943560749321e-07
2.200628943560749321e-07
2.200628943560749321e-07
2.200628943560749321e-07
2.200628943560749321e-07
2.200628943560749321e-07
2.200628943560749321e-07
2.200628943560749321e-07
2.200628943560749321e-07
2.200628943560749321e-07
2.200628943560749321e-07
2.200628943560749321e-07
2.200628943560749321e-07
2.200628943560749321e-07
2.200628943560749321e-07
2.200628943560749321e-07
2.200628943560749321e-07
2.200628943560749321e-07
2.200628943560749321e-07
2.200628943560749321e-07
2.200628943560749321e-07
2.200628943560749321e-07
2.200628943560749321e-07
2.200628943560749321e-07
2.200628943560749321e-07
2.200628943560749321e-07
2.200628943560749321e-07
2.200628943560749321e-07
2.200628943560749321e-07
2.200628943560749321e-07
2.200628943560749321e-07
2.200628943560749321e-07
2.200628943560749321e-07
2.200628943560749321e-07
2.200628943560749321e-07
2.200628943560749321e-07
2.200628943560749321e-07
2.200628943560749321e-07
2.200628943560749321e-07
2.200628943560749321e-07
2.200628943560749321e-07
2.200628943560749321e-07
2.200628943560749321e-07
2.200628943560749321e-07
2.200628943560749321e-07
2.200628943560749321e-07
2.200628943560749321e-07
2.200628943560749321e-07
2.200628943560749321e-07
2.200628943560749321e-07
2.200628943560749321e-07
2.200628943560749321e-07
2.200628943560749321e-07
2.200628943560749321e-07
2.200628943560749321e-07
2.200628943560749321e-07
2.200628943560749321e-07
2.200628943560749321e-07
2.200628943560749321e-07
2.200628943560749321e-07
2.200628943560749321e-07
2.200628943560749321e-07
2.200628943560749321e-07
2.200628943560749321e-07
2.200628943560749321e-07
2.200628943560749321e-07
2.200628943560749321e-07
2.200628943560749321e-07
2.200628943560749321e-07
2.200628943560749321e-07
2.200628943560749321e-07
2.200628943560749321e-07
2.200628943560749321e-07
2.200628943560749321e-07
2.200628943560749321e-07
2.200628943560749321e-07
2.200628943560749321e-07
2.200628943560749321e-07
2.200628943560749321e-07
2.200628943560749321e-07
2.200628943560749321e-07
2.200628943560749321e-07
2.200628943560749321e-07
2.200628943560749321e-07
2.200628943560749321e-07
2.200628943560749321e-07
2.200628943560749321e-07
2.200628943560749321e-07
2.200628943560749321e-07
2.200628943560749321e-07
2.200628943560749321e-07
2.200628943560749321e-07
2.200628943560749321e-07
2.200628943560749321e-07
2.200628943560749321e-07
2.200628943560749321e-07
2.200628943560749321e-07
2.200628943560749321e-07
2.200628943560749321e-07
2.200628943560749321e-07
2.200628943560749321e-07
2.200628943560749321e-07
2.200628943560749321e-07
2.200628943560749321e-07
2.200628943560749321e-07
2.200628943560749321e-07
2.200628943560749321e-07
2.200628943560749321e-07
2.200628943560749321e-07
2.200628943560749321e-07
2.200628943560749321e-07
2.200628943560749321e-07
2.200628943560749321e-07
2.200628943560749321e-07
2.200628943560749321e-07
2.200628943560749321e-07
2.200628943560749321e-07
2.200628943560749321e-07
2.200628943560749321e-07
2.200628943560749321e-07
2.200628943560749321e-07
2.200628943560749321e-07
2.200628943560749321e-07
2.200628943560749321e-07
2.200628943560749321e-07
2.200628943560749321e-07
2.200628943560749321e-07
2.200628943560749321e-07
2.200628943560749321e-07
2.200628943560749321e-07
2.200628943560749321e-07
2.200628943560749321e-07
2.200628943560749321e-07
2.200628943560749321e-07
2.200628943560749321e-07
2.200628943560749321e-07
2.200628943560749321e-07
2.200628943560749321e-07
2.200628943560749321e-07
2.200628943560749321e-07
2.200628943560749321e-07
2.200628943560749321e-07
2.200628943560749321e-07
2.200628943560749321e-07
2.200628943560749321e-07
2.200628943560749321e-07
2.200628943560749321e-07
2.200628943560749321e-07
2.200628943560749321e-07
2.200628943560749321e-07
2.200628943560749321e-07
2.200628943560749321e-07
2.200628943560749321e-07
2.200628943560749321e-07
2.200628943560749321e-07
2.200628943560749321e-07
2.200628943560749321e-07
2.200628943560749321e-07
2.200628943560749321e-07
2.200628943560749321e-07
2.200628943560749321e-07
2.200628943560749321e-07
2.200628943560749321e-07
2.200628943560749321e-07
2.200628943560749321e-07
2.200628943560749321e-07
2.200628943560749321e-07
2.200628943560749321e-07
2.200628943560749321e-07
2.200628943560749321e-07
2.200628943560749321e-07
2.200628943560749321e-07
2.200628943560749321e-07
2.200628943560749321e-07
2.200628943560749321e-07
2.200628943560749321e-07
2.200628943560749321e-07
2.200628943560749321e-07
2.200628943560749321e-07
2.200628943560749321e-07
2.200628943560749321e-07
2.200628943560749321e-07
2.200628943560749321e-07
2.200628943560749321e-07
2.200628943560749321e-07
2.200628943560749321e-07
2.200628943560749321e-07
2.200628943560749321e-07
2.200628943560749321e-07
2.200628943560749321e-07
2.200628943560749321e-07
2.200628943560749321e-07
2.200628943560749321e-07
2.200628943560749321e-07
2.200628943560749321e-07
2.200628943560749321e-07
2.200628943560749321e-07
2.200628943560749321e-07
2.200628943560749321e-07
2.200628943560749321e-07
2.200628943560749321e-07
2.200628943560749321e-07
2.200628943560749321e-07
2.200628943560749321e-07
2.200628943560749321e-07
2.200628943560749321e-07
2.200628943560749321e-07
2.200628943560749321e-07
2.200628943560749321e-07
2.200628943560749321e-07
2.200628943560749321e-07
2.200628943560749321e-07
2.200628943560749321e-07
2.200628943560749321e-07
2.200628943560749321e-07
2.200628943560749321e-07
2.200628943560749321e-07
2.200628943560749321e-07
2.200628943560749321e-07
2.200628943560749321e-07
2.200628943560749321e-07
2.200628943560749321e-07
2.200628943560749321e-07
2.200628943560749321e-07
2.200628943560749321e-07
2.200628943560749321e-07
2.200628943560749321e-07
2.200628943560749321e-07
2.200628943560749321e-07
2.200628943560749321e-07
2.200628943560749321e-07
2.200628943560749321e-07
2.200628943560749321e-07
2.200628943560749321e-07
2.200628943560749321e-07
2.200628943560749321e-07
2.200628943560749321e-07
2.200628943560749321e-07
2.200628943560749321e-07
2.200628943560749321e-07
2.200628943560749321e-07
2.200628943560749321e-07
2.200628943560749321e-07
2.200628943560749321e-07
2.200628943560749321e-07
2.200628943560749321e-07
2.200628943560749321e-07
2.200628943560749321e-07
2.200628943560749321e-07
2.200628943560749321e-07
2.200628943560749321e-07
2.200628943560749321e-07
2.200628943560749321e-07
2.200628943560749321e-07
2.200628943560749321e-07
2.200628943560749321e-07
2.200628943560749321e-07
2.200628943560749321e-07
2.200628943560749321e-07
2.200628943560749321e-07
2.200628943560749321e-07
2.200628943560749321e-07
2.200628943560749321e-07
2.200628943560749321e-07
2.200628943560749321e-07
2.200628943560749321e-07
2.200628943560749321e-07
2.200628943560749321e-07
2.200628943560749321e-07
2.200628943560749321e-07
2.200628943560749321e-07
2.200628943560749321e-07
2.200628943560749321e-07
2.200628943560749321e-07
2.200628943560749321e-07
2.200628943560749321e-07
2.200628943560749321e-07
2.200628943560749321e-07
2.200628943560749321e-07
2.200628943560749321e-07
2.200628943560749321e-07
2.200628943560749321e-07
2.200628943560749321e-07
2.200628943560749321e-07
2.200628943560749321e-07
2.200628943560749321e-07
2.200628943560749321e-07
2.200628943560749321e-07
2.200628943560749321e-07
2.200628943560749321e-07
2.200628943560749321e-07
2.200628943560749321e-07
2.200628943560749321e-07
2.200628943560749321e-07
2.200628943560749321e-07
2.200628943560749321e-07
2.200628943560749321e-07
2.200628943560749321e-07
2.200628943560749321e-07
2.200628943560749321e-07
2.200628943560749321e-07
2.200628943560749321e-07
2.200628943560749321e-07
2.200628943560749321e-07
2.200628943560749321e-07
2.200628943560749321e-07
2.200628943560749321e-07
2.200628943560749321e-07
2.200628943560749321e-07
2.200628943560749321e-07
2.200628943560749321e-07
2.200628943560749321e-07
2.200628943560749321e-07
2.200628943560749321e-07
2.200628943560749321e-07
2.200628943560749321e-07
2.200628943560749321e-07
2.200628943560749321e-07
2.200628943560749321e-07
2.200628943560749321e-07
2.200628943560749321e-07
2.200628943560749321e-07
2.200628943560749321e-07
2.200628943560749321e-07
2.200628943560749321e-07
2.200628943560749321e-07
2.200628943560749321e-07
2.200628943560749321e-07
2.200628943560749321e-07
2.200628943560749321e-07
2.200628943560749321e-07
2.200628943560749321e-07
2.200628943560749321e-07
2.200628943560749321e-07
2.200628943560749321e-07
2.200628943560749321e-07
2.200628943560749321e-07
2.200628943560749321e-07
2.200628943560749321e-07
2.200628943560749321e-07
2.200628943560749321e-07
2.200628943560749321e-07
2.200628943560749321e-07
2.200628943560749321e-07
2.200628943560749321e-07
2.200628943560749321e-07
2.200628943560749321e-07
2.200628943560749321e-07
2.200628943560749321e-07
2.200628943560749321e-07
2.200628943560749321e-07
2.200628943560749321e-07
2.200628943560749321e-07
2.200628943560749321e-07
2.200628943560749321e-07
2.200628943560749321e-07
2.200628943560749321e-07
2.200628943560749321e-07
2.200628943560749321e-07
2.200628943560749321e-07
2.200628943560749321e-07
2.200628943560749321e-07
2.200628943560749321e-07
2.200628943560749321e-07
2.200628943560749321e-07
2.200628943560749321e-07
2.200628943560749321e-07
2.200628943560749321e-07
2.200628943560749321e-07
2.200628943560749321e-07
2.200628943560749321e-07
2.200628943560749321e-07
2.200628943560749321e-07
2.200628943560749321e-07
2.200628943560749321e-07
2.200628943560749321e-07
2.200628943560749321e-07
2.200628943560749321e-07
2.200628943560749321e-07
2.200628943560749321e-07
2.200628943560749321e-07
2.200628943560749321e-07
2.200628943560749321e-07
2.200628943560749321e-07
2.200628943560749321e-07
2.200628943560749321e-07
2.200628943560749321e-07
2.200628943560749321e-07
2.200628943560749321e-07
2.200628943560749321e-07
2.200628943560749321e-07
2.200628943560749321e-07
2.200628943560749321e-07
2.200628943560749321e-07
2.200628943560749321e-07
2.200628943560749321e-07
2.200628943560749321e-07
2.200628943560749321e-07
2.200628943560749321e-07
2.200628943560749321e-07
2.200628943560749321e-07
2.200628943560749321e-07
2.200628943560749321e-07
2.200628943560749321e-07
2.200628943560749321e-07
2.200628943560749321e-07
2.200628943560749321e-07
2.200628943560749321e-07
2.200628943560749321e-07
2.200628943560749321e-07
2.200628943560749321e-07
2.200628943560749321e-07
2.200628943560749321e-07
2.200628943560749321e-07
2.200628943560749321e-07
2.200628943560749321e-07
2.200628943560749321e-07
2.200628943560749321e-07
2.200628943560749321e-07
2.200628943560749321e-07
2.200628943560749321e-07
2.200628943560749321e-07
2.200628943560749321e-07
2.200628943560749321e-07
2.200628943560749321e-07
2.200628943560749321e-07
2.200628943560749321e-07
2.200628943560749321e-07
2.200628943560749321e-07
2.200628943560749321e-07
2.200628943560749321e-07
2.200628943560749321e-07
2.200628943560749321e-07
2.200628943560749321e-07
2.200628943560749321e-07
2.200628943560749321e-07
2.200628943560749321e-07
2.200628943560749321e-07
2.200628943560749321e-07
2.200628943560749321e-07
2.200628943560749321e-07
2.200628943560749321e-07
2.200628943560749321e-07
2.200628943560749321e-07
2.200628943560749321e-07
2.200628943560749321e-07
2.200628943560749321e-07
2.200628943560749321e-07
2.200628943560749321e-07
2.200628943560749321e-07
2.200628943560749321e-07
2.200628943560749321e-07
2.200628943560749321e-07
2.200628943560749321e-07
2.200628943560749321e-07
2.200628943560749321e-07
2.200628943560749321e-07
2.200628943560749321e-07
2.200628943560749321e-07
2.200628943560749321e-07
2.200628943560749321e-07
2.200628943560749321e-07
2.200628943560749321e-07
2.200628943560749321e-07
2.200628943560749321e-07
2.200628943560749321e-07
2.200628943560749321e-07
2.200628943560749321e-07
2.200628943560749321e-07
2.200628943560749321e-07
2.200628943560749321e-07
2.200628943560749321e-07
2.200628943560749321e-07
2.200628943560749321e-07
2.200628943560749321e-07
2.200628943560749321e-07
2.200628943560749321e-07
2.200628943560749321e-07
2.200628943560749321e-07
2.200628943560749321e-07
2.200628943560749321e-07
2.200628943560749321e-07
2.200628943560749321e-07
2.200628943560749321e-07
2.200628943560749321e-07
2.200628943560749321e-07
2.200628943560749321e-07
2.200628943560749321e-07
2.200628943560749321e-07
2.200628943560749321e-07
2.200628943560749321e-07
2.200628943560749321e-07
2.200628943560749321e-07
2.200628943560749321e-07
2.200628943560749321e-07
2.200628943560749321e-07
2.200628943560749321e-07
2.200628943560749321e-07
2.200628943560749321e-07
2.200628943560749321e-07
2.200628943560749321e-07
2.200628943560749321e-07
2.200628943560749321e-07
2.200628943560749321e-07
2.200628943560749321e-07
2.200628943560749321e-07
2.200628943560749321e-07
2.200628943560749321e-07
2.200628943560749321e-07
2.200628943560749321e-07
2.200628943560749321e-07
2.200628943560749321e-07
2.200628943560749321e-07
2.200628943560749321e-07
2.200628943560749321e-07
2.200628943560749321e-07
2.200628943560749321e-07
2.200628943560749321e-07
2.200628943560749321e-07
2.200628943560749321e-07
2.200628943560749321e-07
2.200628943560749321e-07
2.200628943560749321e-07
2.200628943560749321e-07
2.200628943560749321e-07
2.200628943560749321e-07
2.200628943560749321e-07
2.200628943560749321e-07
2.200628943560749321e-07
2.200628943560749321e-07
2.200628943560749321e-07
2.200628943560749321e-07
2.200628943560749321e-07
2.200628943560749321e-07
2.200628943560749321e-07
2.200628943560749321e-07
2.200628943560749321e-07
2.200628943560749321e-07
2.200628943560749321e-07
2.200628943560749321e-07
2.200628943560749321e-07
2.200628943560749321e-07
2.200628943560749321e-07
2.200628943560749321e-07
2.200628943560749321e-07
2.200628943560749321e-07
2.200628943560749321e-07
