1.620482903905363863e-12
1.620476700498134275e-12
1.620461734644951519e-12
1.620436903791092681e-12
1.620402160554306488e-12
1.620357497271052344e-12
1.620302912375997364e-12
1.620238405945356468e-12
1.620163978708918234e-12
1.620079631757198928e-12
1.619985366436324531e-12
1.619881184304740072e-12
1.619767087113419694e-12
1.619643076796039645e-12
1.619509155463752863e-12
1.619365325402239517e-12
1.619211589069955311e-12
1.619047949097035912e-12
1.618874408284576194e-12
1.618690969604131833e-12
1.618497636197357617e-12
1.618294411375727743e-12
1.618081298620309440e-12
1.617858301581569294e-12
1.617625424079200989e-12
1.617382670101966779e-12
1.617130043807546024e-12
1.616867549522385546e-12
1.616595191741556248e-12
1.616312975128604681e-12
1.616020904515406428e-12
1.615718984902016665e-12
1.615407221456515870e-12
1.615085619514854929e-12
1.614754184580694992e-12
1.614412922325242682e-12
1.614061838587084296e-12
1.613700939372010717e-12
1.613330230852843128e-12
1.612949719369250861e-12
1.612559411427565396e-12
1.612159313700591747e-12
1.611749433027410953e-12
1.611329776413183180e-12
1.610900351028942134e-12
1.610461164211386453e-12
1.610012223462666651e-12
1.609553536450166404e-12
1.609085111006279601e-12
1.608606955128183559e-12
1.608119076977606373e-12
1.607621484880589026e-12
1.607114187327245267e-12
1.606597192971514230e-12
1.606070510630910215e-12
1.605534149286266419e-12
1.604988118081475027e-12
1.604432426323222657e-12
1.603867083480719958e-12
1.603292099185428164e-12
1.602707483230779199e-12
1.602113245571894562e-12
1.601509396325295533e-12
1.600895945768610547e-12
1.600272904340278737e-12
1.599640282639248424e-12
1.598998091424670355e-12
1.598346341615587919e-12
1.597685044290620689e-12
1.597014210687644941e-12
1.596333852203470136e-12
1.595643980393509739e-12
1.594944606971448412e-12
1.594235743808903345e-12
1.593517402935083365e-12
1.592789596536441994e-12
1.592052336956326862e-12
1.591305636694623874e-12
1.590549508407397948e-12
1.589783964906528898e-12
1.589009019159343282e-12
1.588224684288242415e-12
1.587430973570322708e-12
1.586627900436997816e-12
1.585815478473611106e-12
1.584993721419046901e-12
1.584162643165334868e-12
1.583322257757252780e-12
1.582472579391924442e-12
1.581613622418412561e-12
1.580745401337307172e-12
1.579867930800311448e-12
1.578981225609821845e-12
1.578085300718506434e-12
1.577180171228874955e-12
1.576265852392849067e-12
1.575342359611326752e-12
1.574409708433741858e-12
1.573467914557620827e-12
1.572516993828134973e-12
1.571556962237649333e-12
1.570587835925266257e-12
1.569609631176366388e-12
1.568622364422143970e-12
1.567626052239141161e-12
1.566620711348775270e-12
1.565606358616864178e-12
1.564583011053147519e-12
1.563550685810802607e-12
1.562509400185958149e-12
1.561459171617204921e-12
1.560400017685098974e-12
1.559331956111666462e-12
1.558255004759899569e-12
1.557169181633251650e-12
1.556074504875127906e-12
1.554970992768372847e-12
1.553858663734753907e-12
1.552737536334440012e-12
1.551607629265479746e-12
1.550468961363271644e-12
1.549321551600034878e-12
1.548165419084275113e-12
1.547000583060244486e-12
1.545827062907402010e-12
1.544644878139867702e-12
1.543454048405874898e-12
1.542254593487217526e-12
1.541046533298695145e-12
1.539829887887554159e-12
1.538604677432926599e-12
1.537370922245263863e-12
1.536128642765768630e-12
1.534877859565821939e-12
1.533618593346409651e-12
1.532350864937542657e-12
1.531074695297675466e-12
1.529790105513122376e-12
1.528497116797466975e-12
1.527195750490974876e-12
1.525886028059994734e-12
1.524567971096364929e-12
1.523241601316810945e-12
1.521906940562342155e-12
1.520564010797645769e-12
1.519212834110476754e-12
1.517853432711046129e-12
1.516485828931404009e-12
1.515110045224823267e-12
1.513726104165176314e-12
1.512334028446312899e-12
1.510933840881431645e-12
1.509525564402449972e-12
1.508109222059373407e-12
1.506684837019658241e-12
1.505252432567574581e-12
1.503812032103565162e-12
1.502363659143601337e-12
1.500907337318538254e-12
1.499443090373464178e-12
1.497970942167051025e-12
1.496490916670898841e-12
1.495003037968879462e-12
1.493507330256478373e-12
1.492003817840131706e-12
1.490492525136563245e-12
1.488973476672117792e-12
1.487446697082090704e-12
1.485912211110059237e-12
1.484370043607205412e-12
1.482820219531643332e-12
1.481262763947738809e-12
1.479697702025428198e-12
1.478125059039537023e-12
1.476544860369093549e-12
1.474957131496642164e-12
1.473361898007553520e-12
1.471759185589331851e-12
1.470149020030923096e-12
1.468531427222016161e-12
1.466906433152348616e-12
1.465274063911002304e-12
1.463634345685704797e-12
1.461987304762122781e-12
1.460332967523158063e-12
1.458671360448237926e-12
1.457002510112605885e-12
1.455326443186609816e-12
1.453643186434989084e-12
1.451952766716157220e-12
1.450255210981486818e-12
1.448550546274589392e-12
1.446838799730594420e-12
1.445119998575427576e-12
1.443394170125086143e-12
1.441661341784913211e-12
1.439921541048870861e-12
1.438174795498809924e-12
1.436421132803741347e-12
1.434660580719101508e-12
1.432893167086021162e-12
1.431118919830588329e-12
1.429337866963112796e-12
1.427550036577388001e-12
1.425755456849951289e-12
1.423954156039343374e-12
1.422146162485366577e-12
1.420331504608340449e-12
1.418510210908358394e-12
1.416682309964539860e-12
1.414847830434285951e-12
1.413006801052527780e-12
1.411159250630979660e-12
1.409305208057386447e-12
1.407444702294773700e-12
1.405577762380692197e-12
1.403704417426466685e-12
1.401824696616438975e-12
1.399938629207213064e-12
1.398046244526897218e-12
1.396147571974348284e-12
1.394242641018409133e-12
1.392331481197152158e-12
1.390414122117118538e-12
1.388490593452554872e-12
1.386560924944652236e-12
1.384625146400784033e-12
1.382683287693740806e-12
1.380735378760967281e-12
1.378781449603795973e-12
1.376821530286681594e-12
1.374855650936436079e-12
1.372883841741460171e-12
1.370906132950976619e-12
1.368922554874261769e-12
1.366933137879876543e-12
1.364937912394899034e-12
1.362936908904152457e-12
1.360930157949437749e-12
1.358917690128760910e-12
1.356899536095563783e-12
1.354875726557953016e-12
1.352846292277927003e-12
1.350811264070605652e-12
1.348770672803458944e-12
1.346724549395532660e-12
1.344672924816677346e-12
1.342615830086776057e-12
1.340553296274969891e-12
1.338485354498887552e-12
1.336412035923870676e-12
1.334333371762200371e-12
1.332249393272326376e-12
1.330160131758091586e-12
1.328065618567960398e-12
1.325965885094244448e-12
1.323860962772331370e-12
1.321750883079910924e-12
1.319635677536201539e-12
1.317515377701179071e-12
1.315390015174803742e-12
1.313259621596248094e-12
1.311124228643123932e-12
1.308983868030712895e-12
1.306838571511192594e-12
1.304688370872866787e-12
1.302533297939395140e-12
1.300373384569020783e-12
1.298208662653802294e-12
1.296039164118842865e-12
1.293864920921521889e-12
1.291685965050725736e-12
1.289502328526079946e-12
1.287314043397181222e-12
1.285121141742829618e-12
1.282923655670264773e-12
1.280721617314396083e-12
1.278515058837040144e-12
1.276304012426154963e-12
1.274088510295076594e-12
1.271868584681755167e-12
1.269644267847993339e-12
1.267415592078682730e-12
1.265182589681045000e-12
1.262945292983870098e-12
1.260703734336758149e-12
1.258457946109359724e-12
1.256207960690619343e-12
1.253953810488017156e-12
1.251695527926815069e-12
1.249433145449301059e-12
1.247166695514034687e-12
1.244896210595095654e-12
1.242621723181330329e-12
1.240343265775602923e-12
1.238060870894044448e-12
1.235774571065303683e-12
1.233484398829801589e-12
1.231190386738983889e-12
1.228892567354575484e-12
1.226590973247837677e-12
1.224285636998824810e-12
1.221976591195642905e-12
1.219663868433709526e-12
1.217347501315015053e-12
1.215027522447385363e-12
1.212703964443744726e-12
1.210376859921381313e-12
1.208046241501215336e-12
1.205712141807064161e-12
1.203374593464914279e-12
1.201033629102190056e-12
1.198689281347027320e-12
1.196341582827547765e-12
1.193990566171132133e-12
1.191636264003699266e-12
1.189278708948983526e-12
1.186917933627814654e-12
1.184553970657400243e-12
1.182186852650608016e-12
1.179816612215251938e-12
1.177443281953378125e-12
1.175066894460552775e-12
1.172687482325152724e-12
1.170305078127657817e-12
1.167919714439942677e-12
1.165531423824573923e-12
1.163140238834106382e-12
1.160746192010382122e-12
1.158349315883830706e-12
1.155949642972772870e-12
1.153547205782724410e-12
1.151142036805702283e-12
1.148734168519534351e-12
1.146323633387167306e-12
1.143910463855981451e-12
1.141494692357103276e-12
1.139076351304722666e-12
1.136655473095409711e-12
1.134232090107436766e-12
1.131806234700100306e-12
1.129377939213044400e-12
1.126947235965587618e-12
1.124514157256053167e-12
1.122078735361097616e-12
1.119641002535044868e-12
1.117200991009220540e-12
1.114758732991291185e-12
1.112314260664600897e-12
1.109867606187515175e-12
1.107418801692763787e-12
1.104967879286788472e-12
1.102514871049089239e-12
1.100059809031576108e-12
1.097602725257923888e-12
1.095143651722924727e-12
1.092682620391847132e-12
1.090219663199797606e-12
1.087754812051080273e-12
1.085288098818564171e-12
1.082819555343049339e-12
1.080349213432636736e-12
1.077877104862101391e-12
1.075403261372264955e-12
1.072927714669374906e-12
1.070450496424482958e-12
1.067971638272828100e-12
1.065491171813219652e-12
1.063009128607426165e-12
1.060525540179564731e-12
1.058040438015491701e-12
1.055553853562199874e-12
1.053065818227214870e-12
1.050576363377993931e-12
1.048085520341331181e-12
1.045593320402760873e-12
1.043099794805965876e-12
1.040604974752189404e-12
1.038108891399646336e-12
1.035611575862941399e-12
1.033113059212485744e-12
1.030613372473920179e-12
1.028112546627537797e-12
1.025610612607712466e-12
1.023107601302327109e-12
1.020603543552206433e-12
1.018098470150553494e-12
1.015592411842385250e-12
1.013085399323974980e-12
1.010577463242296120e-12
1.008068634194468118e-12
1.005558942727205112e-12
1.003048419336269659e-12
1.000537094465926470e-12
9.980249985084001727e-13
9.955121618033377266e-13
9.929986146372702324e-13
9.904843872430797864e-13
9.879695097994705782e-13
9.854540124304397856e-13
9.829379252047523076e-13
9.804212781354215542e-13
9.779041011791882182e-13
9.753864242360065180e-13
9.728682771485294318e-13
9.703496897016012007e-13
9.678306916217478132e-13
9.653113125766765770e-13
9.627915821747714500e-13
9.602715299645984686e-13
9.577511854344099645e-13
9.552305780116528205e-13
9.527097370624797550e-13
9.501886918912640404e-13
9.476674717401166442e-13
9.451461057884078136e-13
9.426246231522886594e-13
9.401030528842214242e-13
9.375814239725053077e-13
9.350597653408121870e-13
9.325381058477227418e-13
9.300164742862631838e-13
9.274948993834508738e-13
9.249734097998373119e-13
9.224520341290579946e-13
9.199308008973838879e-13
9.174097385632763322e-13
9.148888755169451799e-13
9.123682400799097595e-13
9.098478605045642824e-13
9.073277649737445628e-13
9.048079816002983724e-13
9.022885384266610460e-13
8.997694634244309859e-13
8.972507844939514267e-13
8.947325294638929073e-13
8.922147260908408918e-13
8.896974020588855118e-13
8.871805849792150440e-13
8.846643023897115086e-13
8.821485817545517204e-13
8.796334504638092484e-13
8.771189358330607174e-13
8.746050651029956436e-13
8.720918654390293000e-13
8.695793639309169942e-13
8.670675875923765266e-13
8.645565633607065078e-13
8.620463180964152778e-13
8.595368785828485141e-13
8.570282715258215841e-13
8.545205235532552301e-13
8.520136612148144860e-13
8.495077109815501176e-13
8.470026992455441025e-13
8.444986523195592492e-13
8.419955964366899278e-13
8.394935577500174447e-13
8.369925623322685482e-13
8.344926361754776696e-13
8.319938051906516889e-13
8.294960952074375279e-13
8.269995319737948925e-13
8.245041411556707324e-13
8.220099483366775367e-13
8.195169790177738522e-13
8.170252586169507577e-13
8.145348124689188450e-13
8.120456658248001458e-13
8.095578438518221802e-13
8.070713716330169527e-13
8.045862741669208567e-13
8.021025763672806379e-13
7.996203030627606699e-13
7.971394789966539658e-13
7.946601288265968260e-13
7.921822771242869171e-13
7.897059483752037762e-13
7.872311669783335549e-13
7.847579572458967929e-13
7.822863434030790188e-13
7.798163495877656929e-13
7.773479998502784626e-13
7.748813181531172742e-13
7.724163283707041007e-13
7.699530542891301020e-13
7.674915196059063198e-13
7.650317479297185124e-13
7.625737627801828978e-13
7.601175875876081579e-13
7.576632456927587546e-13
7.552107603466213767e-13
7.527601547101761325e-13
7.503114518541700642e-13
7.478646747588943995e-13
7.454198463139631146e-13
7.429769893180984653e-13
7.405361264789164168e-13
7.380972804127170211e-13
7.356604736442773193e-13
7.332257286066483831e-13
7.307930676409542752e-13
7.283625129961955539e-13
7.259340868290552001e-13
7.235078112037081805e-13
7.210837080916340393e-13
7.186617993714325191e-13
7.162421068286432213e-13
7.138246521555674875e-13
7.114094569510940171e-13
7.089965427205274130e-13
7.065859308754205645e-13
7.041776427334099586e-13
7.017716995180531110e-13
6.993681223586707441e-13
6.969669322901914882e-13
6.945681502529999156e-13
6.921717970927869975e-13
6.897778935604053074e-13
6.873864603117253347e-13
6.849975179074969479e-13
6.826110868132127766e-13
6.802271873989751278e-13
6.778458399393658297e-13
6.754670646133200143e-13
6.730908815040012121e-13
6.707173105986824048e-13
6.683463717886268752e-13
6.659780848689752178e-13
6.636124695386334588e-13
6.612495454001647110e-13
6.588893319596844636e-13
6.565318486267590021e-13
6.541771147143054440e-13
6.518251494384970245e-13
6.494759719186697972e-13
6.471296011772329682e-13
6.447860561395826644e-13
6.424453556340176205e-13
6.401075183916593075e-13
6.377725630463744865e-13
6.354405081346999821e-13
6.331113720957720009e-13
6.307851732712571662e-13
6.284619299052873890e-13
6.261416601443971641e-13
6.238243820374642971e-13
6.215101135356530567e-13
6.191988724923613651e-13
6.168906766631697047e-13
6.145855437057932566e-13
6.122834911800380777e-13
6.099845365477586918e-13
6.076886971728192140e-13
6.053959903210588181e-13
6.031064331602562944e-13
6.008200427601029883e-13
5.985368360921731147e-13
5.962568300299010378e-13
5.939800413485592597e-13
5.917064867252401432e-13
5.894361827388403625e-13
5.871691458700477760e-13
5.849053925013318341e-13
5.826449389169362081e-13
5.803878013028748517e-13
5.781339957469298813e-13
5.758835382386539988e-13
5.736364446693737230e-13
5.713927308321966597e-13
5.691524124220211954e-13
5.669155050355491187e-13
5.646820241713007666e-13
5.624519852296333012e-13
5.602254035127609039e-13
5.580022942247789086e-13
5.557826724716893482e-13
5.535665532614307419e-13
5.513539515039089932e-13
5.491448820110323272e-13
5.469393594967473382e-13
5.447373985770803891e-13
5.425390137701780014e-13
5.403442194963535048e-13
5.381530300781337886e-13
5.359654597403096878e-13
5.337815226099893982e-13
5.316012327166539114e-13
5.294246039922147723e-13
5.272516502710748651e-13
5.250823852901926331e-13
5.229168226891466012e-13
5.207549760102053511e-13
5.185968586983971935e-13
5.164424841015848886e-13
5.142918654705410744e-13
5.121450159590271274e-13
5.100019486238745475e-13
5.078626764250680600e-13
5.057272122258325544e-13
5.035955687927209317e-13
5.014677587957062944e-13
4.993437948082737314e-13
4.972236893075185662e-13
4.951074546742432922e-13
4.929951031930589507e-13
4.908866470524885283e-13
4.887820983450724752e-13
4.866814690674770505e-13
4.845847711206048888e-13
4.824920163097078895e-13
4.804032163445018221e-13
4.783183828392852745e-13
4.762375273130581961e-13
4.741606611896455917e-13
4.720877957978209113e-13
4.700189423714334802e-13
4.679541120495383516e-13
4.658933158765265629e-13
4.638365648022600379e-13
4.617838696822076997e-13
4.597352412775825934e-13
4.576906902554841592e-13
4.556502271890392931e-13
4.536138625575493654e-13
4.515816067466357750e-13
4.495534700483904513e-13
4.475294626615272652e-13
4.455095946915354593e-13
4.434938761508365113e-13
4.414823169589416540e-13
4.394749269426125247e-13
4.374717158360238351e-13
4.354726932809273532e-13
4.334778688268193692e-13
4.314872519311089686e-13
4.295008519592894869e-13
4.275186781851112759e-13
4.255407397907566925e-13
4.235670458670175099e-13
4.215976054134739958e-13
4.196324273386763626e-13
4.176715204603282378e-13
4.157148935054710428e-13
4.137625551106727640e-13
4.118145138222162700e-13
4.098707780962910108e-13
4.079313562991862322e-13
4.059962567074867139e-13
4.040654875082692152e-13
4.021390567993023533e-13
4.002169725892476427e-13
3.982992427978622518e-13
3.963858752562043334e-13
3.944768777068398708e-13
3.925722578040512398e-13
3.906720231140482953e-13
3.887761811151807705e-13
3.868847391981524937e-13
3.849977046662380788e-13
3.831150847355006257e-13
3.812368865350121978e-13
3.793631171070754598e-13
3.774937834074469319e-13
3.756288923055630209e-13
3.737684505847669588e-13
3.719124649425377125e-13
3.700609419907211630e-13
3.682138882557621956e-13
3.663713101789396661e-13
3.645332141166016714e-13
3.626996063404042517e-13
3.608704930375502456e-13
3.590458803110311230e-13
3.572257741798695251e-13
3.554101805793642785e-13
3.535991053613365700e-13
3.517925542943782426e-13
3.499905330641014536e-13
3.481930472733898988e-13
3.464001024426524596e-13
3.446117040100771530e-13
3.428278573318883132e-13
3.410485676826039238e-13
3.392738402552956773e-13
3.375036801618499933e-13
3.357380924332311570e-13
3.339770820197453166e-13
3.322206537913070550e-13
3.304688125377066178e-13
3.287215629688793130e-13
3.269789097151761212e-13
3.252408573276363769e-13
3.235074102782610550e-13
3.217785729602888342e-13
3.200543496884725644e-13
3.183347446993581068e-13
3.166197621515640833e-13
3.149094061260635941e-13
3.132036806264670465e-13
3.115025895793069024e-13
3.098061368343235863e-13
3.081143261647528584e-13
3.064271612676150545e-13
3.047446457640055895e-13
3.030667831993864693e-13
3.013935770438800757e-13
2.997250306925638592e-13
2.980611474657666479e-13
2.964019306093663197e-13
2.947473832950891903e-13
2.930975086208102604e-13
2.914523096108555321e-13
2.898117892163053864e-13
2.881759503152993730e-13
2.865447957133424658e-13
2.849183281436129833e-13
2.832965502672712164e-13
2.816794646737704288e-13
2.800670738811682615e-13
2.784593803364402070e-13
2.768563864157941949e-13
2.752580944249867920e-13
2.736645065996402111e-13
2.720756251055614401e-13
2.704914520390621278e-13
2.689119894272800862e-13
2.673372392285023570e-13
2.657672033324893896e-13
2.642018835608002791e-13
2.626412816671200735e-13
2.610853993375879407e-13
2.595342381911267980e-13
2.579877997797743060e-13
2.564460855890151240e-13
2.549090970381146803e-13
2.533768354804540529e-13
2.518493022038668198e-13
2.503264984309758076e-13
2.488084253195333746e-13
2.472950839627605327e-13
2.457864753896899065e-13
2.442826005655077324e-13
2.427834603918992411e-13
2.412890557073937371e-13
2.397993872877119999e-13
2.383144558461147972e-13
2.368342620337525578e-13
2.353588064400165601e-13
2.338880895928917868e-13
2.324221119593102330e-13
2.309608739455067398e-13
2.295043758973750288e-13
2.280526181008261610e-13
2.266056007821477270e-13
2.251633241083643500e-13
2.237257881876000826e-13
2.222929930694417367e-13
2.208649387453037542e-13
2.194416251487947177e-13
2.180230521560844678e-13
2.166092195862737441e-13
2.152001272017644324e-13
2.137957747086314528e-13
2.123961617569961874e-13
2.110012879414012460e-13
2.096111528011865447e-13
2.082257558208672266e-13
2.068450964305126692e-13
2.054691740061271058e-13
2.040979878700316620e-13
2.027315372912480825e-13
2.013698214858837460e-13
2.000128396175183456e-13
1.986605907975919076e-13
1.973130740857946276e-13
1.959702884904580950e-13
1.946322329689479056e-13
1.932989064280583453e-13
1.919703077244081071e-13
1.906464356648381298e-13
1.893272890068106481e-13
1.880128664588101864e-13
1.867031666807459911e-13
1.853981882843564326e-13
1.840979298336147450e-13
1.828023898451366078e-13
1.815115667885898494e-13
1.802254590871052602e-13
1.789440651176895772e-13
1.776673832116403617e-13
1.763954116549622907e-13
1.751281486887856949e-13
1.738655925097867882e-13
1.726077412706098909e-13
1.713545930802913703e-13
1.701061460046857518e-13
1.688623980668937734e-13
1.676233472476922330e-13
1.663889914859662087e-13
1.651593286791430456e-13
1.639343566836287159e-13
1.627140733152459711e-13
1.614984763496748673e-13
1.602875635228957138e-13
1.590813325316336368e-13
1.578797810338060472e-13
1.566829066489720006e-13
1.554907069587840822e-13
1.543031795074425884e-13
1.531203218021523854e-13
1.519421313135817601e-13
1.507686054763242769e-13
1.495997416893628043e-13
1.484355373165364195e-13
1.472759896870098125e-13
1.461210960957454915e-13
1.449708538039786395e-13
1.438252600396947479e-13
1.426843119981102781e-13
1.415480068421561518e-13
1.404163417029641183e-13
1.392893136803561765e-13
1.381669198433372781e-13
1.370491572305909096e-13
1.359360228509781062e-13
1.348275136840394958e-13
1.337236266805010535e-13
1.326243587627829356e-13
1.315297068255119492e-13
1.304396677360376059e-13
1.293542383349517096e-13
1.282734154366118828e-13
1.271971958296685507e-13
1.261255762775962171e-13
1.250585535192282741e-13
1.239961242692961789e-13
1.229382852189727964e-13
1.218850330364196789e-13
1.208363643673390924e-13
1.197922758355300811e-13
1.187527640434493793e-13
1.177178255727767660e-13
1.166874569849853166e-13
1.156616548219164758e-13
1.146404156063600037e-13
1.136237358426392468e-13
1.126116120172014333e-13
1.116040405992132821e-13
1.106010180411624180e-13
1.096025407794640366e-13
1.086086052350734398e-13
1.076192078141046031e-13
1.066343449084544237e-13
1.056540128964337585e-13
1.046782081434041677e-13
1.037069270024215869e-13
1.027401658148864754e-13
1.017779209112009429e-13
1.008201886114327818e-13
9.986696522598679344e-14
9.891824705628344883e-14
9.797403039544518472e-14
9.703431152899044986e-14
9.609908673553572802e-14
9.516835228750586630e-14
9.424210445185269577e-14
9.332033949078250014e-14
9.240305366249206711e-14
9.149024322191423137e-14
9.058190442147254312e-14
8.967803351184574368e-14
8.877862674274194731e-14
8.788368036368332428e-14
8.699319062480089401e-14
8.610715377764046325e-14
8.522556607597921704e-14
8.434842377665416143e-14
8.347572314040188808e-14
8.260746043271068285e-14
8.174363192468481442e-14
8.088423389392173499e-14
8.002926262540245813e-14
7.917871441239529047e-14
7.833258555737364924e-14
7.749087237294821821e-14
7.665357118281378270e-14
7.582067832271136224e-14
7.499219014140605726e-14
7.416810300168106436e-14
7.334841328134822603e-14
7.253311737427591012e-14
7.172221169143458501e-14
7.091569266196050703e-14
7.011355673423855510e-14
6.931580037700412430e-14
6.852242008046542878e-14
6.773341235744622677e-14
6.694877374455015399e-14
6.616850080334686755e-14
6.539259012158124983e-14
6.462103831440586160e-14
6.385384202563795722e-14
6.309099792904137726e-14
6.233250272963459348e-14
6.157835316502548676e-14
6.082854600677390548e-14
6.008307806178282490e-14
5.934194617371934438e-14
5.860514722446617887e-14
5.787267813560517173e-14
5.714453586993338447e-14
5.642071743301353656e-14
5.570121987475948966e-14
5.498604029105832864e-14
5.427517582543028900e-14
5.356862367072783706e-14
5.286638107087544272e-14
5.216844532265151529e-14
5.147481377751392857e-14
5.078548384347099699e-14
5.010045298699943628e-14
4.941971873501118934e-14
4.874327867687091591e-14
4.807113046646610246e-14
4.740327182433196312e-14
4.673970053983309448e-14
4.608041447340420664e-14
4.542541155885225906e-14
4.477468980572260790e-14
4.412824730173143020e-14
4.348608221526744789e-14
4.284819279796564022e-14
4.221457738735590412e-14
4.158523440958990659e-14
4.096016238224929697e-14
4.033935991723887010e-14
3.972282572376815130e-14
3.911055861142541061e-14
3.850255749334798749e-14
3.789882138949329940e-14
3.729934943001486987e-14
3.670414085874817864e-14
3.611319503681131308e-14
3.552651144632554551e-14
3.494408969426159805e-14
3.436592951641711720e-14
3.379203078153187088e-14
3.322239349554699774e-14
3.265701780601523193e-14
3.209590400666951212e-14
3.153905254215768045e-14
3.098646401295136204e-14
3.043813918043803688e-14
2.989407897220515199e-14
2.935428448752646606e-14
2.881875700306071747e-14
2.828749797877394076e-14
2.776050906409718232e-14
2.723779210433198155e-14
2.671934914731723942e-14
2.620518245037160783e-14
2.569529448752653319e-14
2.518968795706643187e-14
2.468836578939307807e-14
2.419133115523294745e-14
2.369858747420729463e-14
2.321013842378626098e-14
2.272598794864986091e-14
2.224614027048018178e-14
2.177059989821129025e-14
2.129937163876488139e-14
2.083246060830220566e-14
2.036987224402496733e-14
1.991161231656048807e-14
1.945768694296920915e-14
1.900810260041568246e-14
1.856286614054760529e-14
1.812198480463094346e-14
1.768546623949353601e-14
1.725331851433367636e-14
1.682555013845539675e-14
1.640217007999731041e-14
1.598318778572805994e-14
1.556861320198790481e-14
1.515845679686341842e-14
1.475272958369029239e-14
1.435144314598847563e-14
1.395460966394382473e-14
1.356224194256180973e-14
1.317435344163145681e-14
1.279095830765176559e-14
1.241207140788878447e-14
1.203770836674940163e-14
1.166788560467801258e-14
1.130262037980509749e-14
1.094193083260241085e-14
1.058583603382895332e-14
1.023435603608517603e-14
9.887511929330969488e-15
9.545325900766637102e-15
9.207821299526093748e-15
8.875022706689154629e-15
8.546956011186405264e-15
8.223648492247200945e-15
7.905128909131087983e-15
7.591427598987557788e-15
7.282576583811573871e-15
6.978609687606439888e-15
6.679562665035626071e-15
6.385473343046913906e-15
6.096381777192438071e-15
5.812330424655812340e-15
5.533364336343368251e-15
5.259531370815098658e-15
4.990882433339770351e-15
4.727471743981731996e-15
4.469357139394308885e-15
4.216600413946563675e-15
3.969267706999655431e-15
3.727429944647161367e-15
3.491163346136722831e-15
3.260550007629977948e-15
3.035678579116233523e-15
2.816645054428847574e-15
2.603553699786023449e-15
2.396518153616852385e-15
2.195662740413504484e-15
2.001124055132550842e-15
1.813052894027608651e-15
1.631616635509489059e-15
1.457002215156335473e-15
1.289419899696587899e-15
1.129108158219961455e-15
9.763400772672523000e-16
8.314320108860236368e-16
6.947555770171288528e-16
5.667548722404352782e-16
4.479722426191695197e-16
3.390890030446847260e-16
2.409945446078084011e-16
1.549159381950705477e-16
8.270074445706635307e-17
2.762395248212512949e-17
nan
1.394820716805390048e-17
1.394820716805390048e-17
1.394820716805390048e-17
1.394820716805390048e-17
1.394820716805390048e-17
1.394820716805390048e-17
1.394820716805390048e-17
1.394820716805390048e-17
1.394820716805390048e-17
1.394820716805390048e-17
1.394820716805390048e-17
1.394820716805390048e-17
1.394820716805390048e-17
1.394820716805390048e-17
1.394820716805390048e-17
1.394820716805390048e-17
1.394820716805390048e-17
1.394820716805390048e-17
1.394820716805390048e-17
1.394820716805390048e-17
1.394820716805390048e-17
1.394820716805390048e-17
1.394820716805390048e-17
1.394820716805390048e-17
1.394820716805390048e-17
1.394820716805390048e-17
1.394820716805390048e-17
1.394820716805390048e-17
1.394820716805390048e-17
1.394820716805390048e-17
1.394820716805390048e-17
1.394820716805390048e-17
1.394820716805390048e-17
1.394820716805390048e-17
1.394820716805390048e-17
1.394820716805390048e-17
1.394820716805390048e-17
1.394820716805390048e-17
1.394820716805390048e-17
1.394820716805390048e-17
1.394820716805390048e-17
1.394820716805390048e-17
1.394820716805390048e-17
1.394820716805390048e-17
1.394820716805390048e-17
1.394820716805390048e-17
1.394820716805390048e-17
1.394820716805390048e-17
1.394820716805390048e-17
1.394820716805390048e-17
1.394820716805390048e-17
1.394820716805390048e-17
1.394820716805390048e-17
1.394820716805390048e-17
1.394820716805390048e-17
1.394820716805390048e-17
1.394820716805390048e-17
1.394820716805390048e-17
1.394820716805390048e-17
1.394820716805390048e-17
1.394820716805390048e-17
1.394820716805390048e-17
1.394820716805390048e-17
1.394820716805390048e-17
1.394820716805390048e-17
1.394820716805390048e-17
1.394820716805390048e-17
1.394820716805390048e-17
1.394820716805390048e-17
1.394820716805390048e-17
1.394820716805390048e-17
1.394820716805390048e-17
1.394820716805390048e-17
1.394820716805390048e-17
1.394820716805390048e-17
1.394820716805390048e-17
1.394820716805390048e-17
1.394820716805390048e-17
1.394820716805390048e-17
1.394820716805390048e-17
1.394820716805390048e-17
1.394820716805390048e-17
1.394820716805390048e-17
1.394820716805390048e-17
1.394820716805390048e-17
1.394820716805390048e-17
1.394820716805390048e-17
1.394820716805390048e-17
1.394820716805390048e-17
1.394820716805390048e-17
1.394820716805390048e-17
1.394820716805390048e-17
1.394820716805390048e-17
1.394820716805390048e-17
1.394820716805390048e-17
1.394820716805390048e-17
1.394820716805390048e-17
1.394820716805390048e-17
1.394820716805390048e-17
1.394820716805390048e-17
1.394820716805390048e-17
1.394820716805390048e-17
1.394820716805390048e-17
1.394820716805390048e-17
1.394820716805390048e-17
1.394820716805390048e-17
1.394820716805390048e-17
1.394820716805390048e-17
1.394820716805390048e-17
1.394820716805390048e-17
1.394820716805390048e-17
1.394820716805390048e-17
1.394820716805390048e-17
1.394820716805390048e-17
1.394820716805390048e-17
1.394820716805390048e-17
1.394820716805390048e-17
1.394820716805390048e-17
1.394820716805390048e-17
1.394820716805390048e-17
1.394820716805390048e-17
1.394820716805390048e-17
1.394820716805390048e-17
1.394820716805390048e-17
1.394820716805390048e-17
1.394820716805390048e-17
1.394820716805390048e-17
1.394820716805390048e-17
1.394820716805390048e-17
1.394820716805390048e-17
1.394820716805390048e-17
1.394820716805390048e-17
1.394820716805390048e-17
1.394820716805390048e-17
1.394820716805390048e-17
1.394820716805390048e-17
1.394820716805390048e-17
1.394820716805390048e-17
1.394820716805390048e-17
1.394820716805390048e-17
1.394820716805390048e-17
1.394820716805390048e-17
1.394820716805390048e-17
1.394820716805390048e-17
1.394820716805390048e-17
1.394820716805390048e-17
1.394820716805390048e-17
1.394820716805390048e-17
1.394820716805390048e-17
1.394820716805390048e-17
1.394820716805390048e-17
1.394820716805390048e-17
1.394820716805390048e-17
1.394820716805390048e-17
1.394820716805390048e-17
1.394820716805390048e-17
1.394820716805390048e-17
1.394820716805390048e-17
1.394820716805390048e-17
1.394820716805390048e-17
1.394820716805390048e-17
1.394820716805390048e-17
1.394820716805390048e-17
1.394820716805390048e-17
1.394820716805390048e-17
1.394820716805390048e-17
1.394820716805390048e-17
1.394820716805390048e-17
1.394820716805390048e-17
1.394820716805390048e-17
1.394820716805390048e-17
1.394820716805390048e-17
1.394820716805390048e-17
1.394820716805390048e-17
1.394820716805390048e-17
1.394820716805390048e-17
1.394820716805390048e-17
1.394820716805390048e-17
1.394820716805390048e-17
1.394820716805390048e-17
1.394820716805390048e-17
1.394820716805390048e-17
1.394820716805390048e-17
1.394820716805390048e-17
1.394820716805390048e-17
1.394820716805390048e-17
1.394820716805390048e-17
1.394820716805390048e-17
1.394820716805390048e-17
1.394820716805390048e-17
1.394820716805390048e-17
1.394820716805390048e-17
1.394820716805390048e-17
1.394820716805390048e-17
1.394820716805390048e-17
1.394820716805390048e-17
1.394820716805390048e-17
1.394820716805390048e-17
1.394820716805390048e-17
1.394820716805390048e-17
1.394820716805390048e-17
1.394820716805390048e-17
1.394820716805390048e-17
1.394820716805390048e-17
1.394820716805390048e-17
1.394820716805390048e-17
1.394820716805390048e-17
1.394820716805390048e-17
1.394820716805390048e-17
1.394820716805390048e-17
1.394820716805390048e-17
1.394820716805390048e-17
1.394820716805390048e-17
1.394820716805390048e-17
1.394820716805390048e-17
1.394820716805390048e-17
1.394820716805390048e-17
1.394820716805390048e-17
1.394820716805390048e-17
1.394820716805390048e-17
1.394820716805390048e-17
1.394820716805390048e-17
1.394820716805390048e-17
1.394820716805390048e-17
1.394820716805390048e-17
1.394820716805390048e-17
1.394820716805390048e-17
1.394820716805390048e-17
1.394820716805390048e-17
1.394820716805390048e-17
1.394820716805390048e-17
1.394820716805390048e-17
1.394820716805390048e-17
1.394820716805390048e-17
1.394820716805390048e-17
1.394820716805390048e-17
1.394820716805390048e-17
1.394820716805390048e-17
1.394820716805390048e-17
1.394820716805390048e-17
1.394820716805390048e-17
1.394820716805390048e-17
1.394820716805390048e-17
1.394820716805390048e-17
1.394820716805390048e-17
1.394820716805390048e-17
1.394820716805390048e-17
1.394820716805390048e-17
1.394820716805390048e-17
1.394820716805390048e-17
1.394820716805390048e-17
1.394820716805390048e-17
1.394820716805390048e-17
1.394820716805390048e-17
1.394820716805390048e-17
1.394820716805390048e-17
1.394820716805390048e-17
1.394820716805390048e-17
1.394820716805390048e-17
1.394820716805390048e-17
1.394820716805390048e-17
1.394820716805390048e-17
1.394820716805390048e-17
1.394820716805390048e-17
1.394820716805390048e-17
1.394820716805390048e-17
1.394820716805390048e-17
1.394820716805390048e-17
1.394820716805390048e-17
1.394820716805390048e-17
1.394820716805390048e-17
1.394820716805390048e-17
1.394820716805390048e-17
1.394820716805390048e-17
1.394820716805390048e-17
1.394820716805390048e-17
1.394820716805390048e-17
1.394820716805390048e-17
1.394820716805390048e-17
1.394820716805390048e-17
1.394820716805390048e-17
1.394820716805390048e-17
1.394820716805390048e-17
1.394820716805390048e-17
1.394820716805390048e-17
1.394820716805390048e-17
1.394820716805390048e-17
1.394820716805390048e-17
1.394820716805390048e-17
1.394820716805390048e-17
1.394820716805390048e-17
1.394820716805390048e-17
1.394820716805390048e-17
1.394820716805390048e-17
1.394820716805390048e-17
1.394820716805390048e-17
1.394820716805390048e-17
1.394820716805390048e-17
1.394820716805390048e-17
1.394820716805390048e-17
1.394820716805390048e-17
1.394820716805390048e-17
1.394820716805390048e-17
1.394820716805390048e-17
1.394820716805390048e-17
1.394820716805390048e-17
1.394820716805390048e-17
1.394820716805390048e-17
1.394820716805390048e-17
1.394820716805390048e-17
1.394820716805390048e-17
1.394820716805390048e-17
1.394820716805390048e-17
1.394820716805390048e-17
1.394820716805390048e-17
1.394820716805390048e-17
1.394820716805390048e-17
1.394820716805390048e-17
1.394820716805390048e-17
1.394820716805390048e-17
1.394820716805390048e-17
1.394820716805390048e-17
1.394820716805390048e-17
1.394820716805390048e-17
1.394820716805390048e-17
1.394820716805390048e-17
1.394820716805390048e-17
1.394820716805390048e-17
1.394820716805390048e-17
1.394820716805390048e-17
1.394820716805390048e-17
1.394820716805390048e-17
1.394820716805390048e-17
1.394820716805390048e-17
1.394820716805390048e-17
1.394820716805390048e-17
1.394820716805390048e-17
1.394820716805390048e-17
1.394820716805390048e-17
1.394820716805390048e-17
1.394820716805390048e-17
1.394820716805390048e-17
1.394820716805390048e-17
1.394820716805390048e-17
1.394820716805390048e-17
1.394820716805390048e-17
1.394820716805390048e-17
1.394820716805390048e-17
1.394820716805390048e-17
1.394820716805390048e-17
1.394820716805390048e-17
1.394820716805390048e-17
1.394820716805390048e-17
1.394820716805390048e-17
1.394820716805390048e-17
1.394820716805390048e-17
1.394820716805390048e-17
1.394820716805390048e-17
1.394820716805390048e-17
1.394820716805390048e-17
1.394820716805390048e-17
1.394820716805390048e-17
1.394820716805390048e-17
1.394820716805390048e-17
1.394820716805390048e-17
1.394820716805390048e-17
1.394820716805390048e-17
1.394820716805390048e-17
1.394820716805390048e-17
1.394820716805390048e-17
1.394820716805390048e-17
1.394820716805390048e-17
1.394820716805390048e-17
1.394820716805390048e-17
1.394820716805390048e-17
1.394820716805390048e-17
1.394820716805390048e-17
1.394820716805390048e-17
1.394820716805390048e-17
1.394820716805390048e-17
1.394820716805390048e-17
1.394820716805390048e-17
1.394820716805390048e-17
1.394820716805390048e-17
1.394820716805390048e-17
1.394820716805390048e-17
1.394820716805390048e-17
1.394820716805390048e-17
1.394820716805390048e-17
1.394820716805390048e-17
1.394820716805390048e-17
1.394820716805390048e-17
1.394820716805390048e-17
1.394820716805390048e-17
1.394820716805390048e-17
1.394820716805390048e-17
1.394820716805390048e-17
1.394820716805390048e-17
1.394820716805390048e-17
1.394820716805390048e-17
1.394820716805390048e-17
1.394820716805390048e-17
1.394820716805390048e-17
1.394820716805390048e-17
1.394820716805390048e-17
1.394820716805390048e-17
1.394820716805390048e-17
1.394820716805390048e-17
1.394820716805390048e-17
1.394820716805390048e-17
1.394820716805390048e-17
1.394820716805390048e-17
1.394820716805390048e-17
1.394820716805390048e-17
1.394820716805390048e-17
1.394820716805390048e-17
1.394820716805390048e-17
1.394820716805390048e-17
1.394820716805390048e-17
1.394820716805390048e-17
1.394820716805390048e-17
1.394820716805390048e-17
1.394820716805390048e-17
1.394820716805390048e-17
1.394820716805390048e-17
1.394820716805390048e-17
1.394820716805390048e-17
1.394820716805390048e-17
1.394820716805390048e-17
1.394820716805390048e-17
1.394820716805390048e-17
1.394820716805390048e-17
1.394820716805390048e-17
1.394820716805390048e-17
1.394820716805390048e-17
1.394820716805390048e-17
1.394820716805390048e-17
1.394820716805390048e-17
1.394820716805390048e-17
1.394820716805390048e-17
1.394820716805390048e-17
1.394820716805390048e-17
1.394820716805390048e-17
1.394820716805390048e-17
1.394820716805390048e-17
1.394820716805390048e-17
1.394820716805390048e-17
1.394820716805390048e-17
1.394820716805390048e-17
1.394820716805390048e-17
1.394820716805390048e-17
1.394820716805390048e-17
1.394820716805390048e-17
1.394820716805390048e-17
1.394820716805390048e-17
1.394820716805390048e-17
1.394820716805390048e-17
1.394820716805390048e-17
1.394820716805390048e-17
1.394820716805390048e-17
1.394820716805390048e-17
1.394820716805390048e-17
1.394820716805390048e-17
1.394820716805390048e-17
1.394820716805390048e-17
1.394820716805390048e-17
1.394820716805390048e-17
1.394820716805390048e-17
1.394820716805390048e-17
1.394820716805390048e-17
1.394820716805390048e-17
1.394820716805390048e-17
1.394820716805390048e-17
1.394820716805390048e-17
1.394820716805390048e-17
1.394820716805390048e-17
1.394820716805390048e-17
1.394820716805390048e-17
1.394820716805390048e-17
1.394820716805390048e-17
1.394820716805390048e-17
1.394820716805390048e-17
1.394820716805390048e-17
1.394820716805390048e-17
1.394820716805390048e-17
1.394820716805390048e-17
1.394820716805390048e-17
1.394820716805390048e-17
1.394820716805390048e-17
1.394820716805390048e-17
1.394820716805390048e-17
1.394820716805390048e-17
1.394820716805390048e-17
1.394820716805390048e-17
1.394820716805390048e-17
1.394820716805390048e-17
1.394820716805390048e-17
1.394820716805390048e-17
1.394820716805390048e-17
1.394820716805390048e-17
1.394820716805390048e-17
1.394820716805390048e-17
1.394820716805390048e-17
1.394820716805390048e-17
1.394820716805390048e-17
1.394820716805390048e-17
1.394820716805390048e-17
1.394820716805390048e-17
1.394820716805390048e-17
1.394820716805390048e-17
1.394820716805390048e-17
1.394820716805390048e-17
1.394820716805390048e-17
1.394820716805390048e-17
1.394820716805390048e-17
1.394820716805390048e-17
1.394820716805390048e-17
1.394820716805390048e-17
1.394820716805390048e-17
1.394820716805390048e-17
1.394820716805390048e-17
1.394820716805390048e-17
1.394820716805390048e-17
1.394820716805390048e-17
1.394820716805390048e-17
1.394820716805390048e-17
1.394820716805390048e-17
1.394820716805390048e-17
1.394820716805390048e-17
1.394820716805390048e-17
1.394820716805390048e-17
1.394820716805390048e-17
1.394820716805390048e-17
1.394820716805390048e-17
1.394820716805390048e-17
1.394820716805390048e-17
1.394820716805390048e-17
1.394820716805390048e-17
1.394820716805390048e-17
1.394820716805390048e-17
1.394820716805390048e-17
1.394820716805390048e-17
1.394820716805390048e-17
1.394820716805390048e-17
1.394820716805390048e-17
1.394820716805390048e-17
1.394820716805390048e-17
1.394820716805390048e-17
1.394820716805390048e-17
1.394820716805390048e-17
1.394820716805390048e-17
1.394820716805390048e-17
1.394820716805390048e-17
1.394820716805390048e-17
1.394820716805390048e-17
1.394820716805390048e-17
1.394820716805390048e-17
1.394820716805390048e-17
1.394820716805390048e-17
1.394820716805390048e-17
1.394820716805390048e-17
1.394820716805390048e-17
1.394820716805390048e-17
1.394820716805390048e-17
1.394820716805390048e-17
1.394820716805390048e-17
1.394820716805390048e-17
1.394820716805390048e-17
1.394820716805390048e-17
1.394820716805390048e-17
1.394820716805390048e-17
1.394820716805390048e-17
1.394820716805390048e-17
1.394820716805390048e-17
1.394820716805390048e-17
1.394820716805390048e-17
1.394820716805390048e-17
1.394820716805390048e-17
1.394820716805390048e-17
1.394820716805390048e-17
1.394820716805390048e-17
1.394820716805390048e-17
1.394820716805390048e-17
1.394820716805390048e-17
1.394820716805390048e-17
1.394820716805390048e-17
1.394820716805390048e-17
1.394820716805390048e-17
1.394820716805390048e-17
1.394820716805390048e-17
1.394820716805390048e-17
1.394820716805390048e-17
1.394820716805390048e-17
1.394820716805390048e-17
1.394820716805390048e-17
1.394820716805390048e-17
1.394820716805390048e-17
1.394820716805390048e-17
1.394820716805390048e-17
1.394820716805390048e-17
1.394820716805390048e-17
1.394820716805390048e-17
1.394820716805390048e-17
1.394820716805390048e-17
1.394820716805390048e-17
1.394820716805390048e-17
1.394820716805390048e-17
1.394820716805390048e-17
1.394820716805390048e-17
1.394820716805390048e-17
1.394820716805390048e-17
1.394820716805390048e-17
1.394820716805390048e-17
1.394820716805390048e-17
1.394820716805390048e-17
1.394820716805390048e-17
1.394820716805390048e-17
1.394820716805390048e-17
1.394820716805390048e-17
1.394820716805390048e-17
1.394820716805390048e-17
1.394820716805390048e-17
1.394820716805390048e-17
1.394820716805390048e-17
1.394820716805390048e-17
1.394820716805390048e-17
1.394820716805390048e-17
1.394820716805390048e-17
1.394820716805390048e-17
1.394820716805390048e-17
1.394820716805390048e-17
1.394820716805390048e-17
1.394820716805390048e-17
1.394820716805390048e-17
1.394820716805390048e-17
1.394820716805390048e-17
1.394820716805390048e-17
1.394820716805390048e-17
1.394820716805390048e-17
1.394820716805390048e-17
1.394820716805390048e-17
1.394820716805390048e-17
1.394820716805390048e-17
1.394820716805390048e-17
1.394820716805390048e-17
1.394820716805390048e-17
1.394820716805390048e-17
1.394820716805390048e-17
1.394820716805390048e-17
1.394820716805390048e-17
1.394820716805390048e-17
1.394820716805390048e-17
1.394820716805390048e-17
1.394820716805390048e-17
1.394820716805390048e-17
1.394820716805390048e-17
1.394820716805390048e-17
1.394820716805390048e-17
1.394820716805390048e-17
1.394820716805390048e-17
1.394820716805390048e-17
1.394820716805390048e-17
1.394820716805390048e-17
1.394820716805390048e-17
1.394820716805390048e-17
1.394820716805390048e-17
1.394820716805390048e-17
1.394820716805390048e-17
1.394820716805390048e-17
1.394820716805390048e-17
1.394820716805390048e-17
1.394820716805390048e-17
1.394820716805390048e-17
1.394820716805390048e-17
1.394820716805390048e-17
1.394820716805390048e-17
1.394820716805390048e-17
1.394820716805390048e-17
1.394820716805390048e-17
1.394820716805390048e-17
1.394820716805390048e-17
1.394820716805390048e-17
1.394820716805390048e-17
1.394820716805390048e-17
1.394820716805390048e-17
1.394820716805390048e-17
1.394820716805390048e-17
1.394820716805390048e-17
1.394820716805390048e-17
1.394820716805390048e-17
1.394820716805390048e-17
1.394820716805390048e-17
1.394820716805390048e-17
1.394820716805390048e-17
1.394820716805390048e-17
1.394820716805390048e-17
1.394820716805390048e-17
1.394820716805390048e-17
1.394820716805390048e-17
1.394820716805390048e-17
1.394820716805390048e-17
1.394820716805390048e-17
1.394820716805390048e-17
1.394820716805390048e-17
1.394820716805390048e-17
1.394820716805390048e-17
1.394820716805390048e-17
1.394820716805390048e-17
1.394820716805390048e-17
1.394820716805390048e-17
1.394820716805390048e-17
1.394820716805390048e-17
1.394820716805390048e-17
1.394820716805390048e-17
1.394820716805390048e-17
1.394820716805390048e-17
1.394820716805390048e-17
1.394820716805390048e-17
1.394820716805390048e-17
1.394820716805390048e-17
1.394820716805390048e-17
1.394820716805390048e-17
1.394820716805390048e-17
1.394820716805390048e-17
1.394820716805390048e-17
1.394820716805390048e-17
1.394820716805390048e-17
1.394820716805390048e-17
1.394820716805390048e-17
1.394820716805390048e-17
1.394820716805390048e-17
1.394820716805390048e-17
1.394820716805390048e-17
1.394820716805390048e-17
1.394820716805390048e-17
1.394820716805390048e-17
1.394820716805390048e-17
1.394820716805390048e-17
1.394820716805390048e-17
1.394820716805390048e-17
1.394820716805390048e-17
1.394820716805390048e-17
1.394820716805390048e-17
1.394820716805390048e-17
1.394820716805390048e-17
1.394820716805390048e-17
1.394820716805390048e-17
1.394820716805390048e-17
1.394820716805390048e-17
1.394820716805390048e-17
1.394820716805390048e-17
1.394820716805390048e-17
1.394820716805390048e-17
1.394820716805390048e-17
1.394820716805390048e-17
1.394820716805390048e-17
1.394820716805390048e-17
1.394820716805390048e-17
1.394820716805390048e-17
1.394820716805390048e-17
1.394820716805390048e-17
1.394820716805390048e-17
1.394820716805390048e-17
1.394820716805390048e-17
1.394820716805390048e-17
1.394820716805390048e-17
1.394820716805390048e-17
1.394820716805390048e-17
1.394820716805390048e-17
1.394820716805390048e-17
1.394820716805390048e-17
1.394820716805390048e-17
1.394820716805390048e-17
1.394820716805390048e-17
1.394820716805390048e-17
1.394820716805390048e-17
1.394820716805390048e-17
1.394820716805390048e-17
1.394820716805390048e-17
1.394820716805390048e-17
1.394820716805390048e-17
1.394820716805390048e-17
1.394820716805390048e-17
1.394820716805390048e-17
1.394820716805390048e-17
1.394820716805390048e-17
1.394820716805390048e-17
1.394820716805390048e-17
1.394820716805390048e-17
1.394820716805390048e-17
1.394820716805390048e-17
1.394820716805390048e-17
1.394820716805390048e-17
1.394820716805390048e-17
1.394820716805390048e-17
1.394820716805390048e-17
1.394820716805390048e-17
1.394820716805390048e-17
1.394820716805390048e-17
1.394820716805390048e-17
1.394820716805390048e-17
1.394820716805390048e-17
1.394820716805390048e-17
1.394820716805390048e-17
1.394820716805390048e-17
1.394820716805390048e-17
1.394820716805390048e-17
1.394820716805390048e-17
1.394820716805390048e-17
1.394820716805390048e-17
1.394820716805390048e-17
1.394820716805390048e-17
1.394820716805390048e-17
1.394820716805390048e-17
1.394820716805390048e-17
1.394820716805390048e-17
1.394820716805390048e-17
1.394820716805390048e-17
1.394820716805390048e-17
1.394820716805390048e-17
1.394820716805390048e-17
1.394820716805390048e-17
1.394820716805390048e-17
1.394820716805390048e-17
1.394820716805390048e-17
1.394820716805390048e-17
1.394820716805390048e-17
1.394820716805390048e-17
1.394820716805390048e-17
1.394820716805390048e-17
1.394820716805390048e-17
1.394820716805390048e-17
1.394820716805390048e-17
1.394820716805390048e-17
1.394820716805390048e-17
1.394820716805390048e-17
1.394820716805390048e-17
1.394820716805390048e-17
1.394820716805390048e-17
1.394820716805390048e-17
1.394820716805390048e-17
1.394820716805390048e-17
1.394820716805390048e-17
1.394820716805390048e-17
1.394820716805390048e-17
1.394820716805390048e-17
1.394820716805390048e-17
1.394820716805390048e-17
1.394820716805390048e-17
1.394820716805390048e-17
1.394820716805390048e-17
1.394820716805390048e-17
1.394820716805390048e-17
1.394820716805390048e-17
1.394820716805390048e-17
1.394820716805390048e-17
1.394820716805390048e-17
1.394820716805390048e-17
1.394820716805390048e-17
1.394820716805390048e-17
1.394820716805390048e-17
1.394820716805390048e-17
1.394820716805390048e-17
1.394820716805390048e-17
1.394820716805390048e-17
1.394820716805390048e-17
1.394820716805390048e-17
1.394820716805390048e-17
1.394820716805390048e-17
1.394820716805390048e-17
1.394820716805390048e-17
1.394820716805390048e-17
1.394820716805390048e-17
1.394820716805390048e-17
1.394820716805390048e-17
1.394820716805390048e-17
1.394820716805390048e-17
1.394820716805390048e-17
1.394820716805390048e-17
1.394820716805390048e-17
1.394820716805390048e-17
1.394820716805390048e-17
1.394820716805390048e-17
1.394820716805390048e-17
1.394820716805390048e-17
1.394820716805390048e-17
1.394820716805390048e-17
1.394820716805390048e-17
1.394820716805390048e-17
1.394820716805390048e-17
1.394820716805390048e-17
1.394820716805390048e-17
1.394820716805390048e-17
1.394820716805390048e-17
1.394820716805390048e-17
1.394820716805390048e-17
1.394820716805390048e-17
1.394820716805390048e-17
1.394820716805390048e-17
1.394820716805390048e-17
1.394820716805390048e-17
1.394820716805390048e-17
1.394820716805390048e-17
1.394820716805390048e-17
1.394820716805390048e-17
1.394820716805390048e-17
1.394820716805390048e-17
1.394820716805390048e-17
1.394820716805390048e-17
1.394820716805390048e-17
1.394820716805390048e-17
1.394820716805390048e-17
1.394820716805390048e-17
1.394820716805390048e-17
1.394820716805390048e-17
1.394820716805390048e-17
1.394820716805390048e-17
1.394820716805390048e-17
1.394820716805390048e-17
1.394820716805390048e-17
1.394820716805390048e-17
1.394820716805390048e-17
1.394820716805390048e-17
1.394820716805390048e-17
1.394820716805390048e-17
1.394820716805390048e-17
1.394820716805390048e-17
1.394820716805390048e-17
1.394820716805390048e-17
1.394820716805390048e-17
1.394820716805390048e-17
1.394820716805390048e-17
1.394820716805390048e-17
1.394820716805390048e-17
1.394820716805390048e-17
1.394820716805390048e-17
1.394820716805390048e-17
1.394820716805390048e-17
1.394820716805390048e-17
1.394820716805390048e-17
1.394820716805390048e-17
1.394820716805390048e-17
1.394820716805390048e-17
1.394820716805390048e-17
1.394820716805390048e-17
1.394820716805390048e-17
1.394820716805390048e-17
1.394820716805390048e-17
1.394820716805390048e-17
1.394820716805390048e-17
1.394820716805390048e-17
1.394820716805390048e-17
1.394820716805390048e-17
1.394820716805390048e-17
1.394820716805390048e-17
