4.861448711716091792e-12
4.861430101494402623e-12
4.861385203934854355e-12
4.861310711373277436e-12
4.861206481662918860e-12
4.861072491813157031e-12
4.860908737127992294e-12
4.860715217836069001e-12
4.860491936126754904e-12
4.860238895271596986e-12
4.859956099308974199e-12
4.859643552914220417e-12
4.859301261340258880e-12
4.858929230388119340e-12
4.858527466391257982e-12
4.858095976206717743e-12
4.857634767209865530e-12
4.857143847291107735e-12
4.856623224853727773e-12
4.856072908812395701e-12
4.855492908592072850e-12
4.854883234127183028e-12
4.854243895860928320e-12
4.853574904744707477e-12
4.852876272237602160e-12
4.852148010305900338e-12
4.851390131422637466e-12
4.850602648567157850e-12
4.849785575224669552e-12
4.848938925385814649e-12
4.848062713546219285e-12
4.847156954706050198e-12
4.846221664369547812e-12
4.845256858544564989e-12
4.844262553742084774e-12
4.843238766975727642e-12
4.842185515761252283e-12
4.841102818116032151e-12
4.839990692558528778e-12
4.838849158107752178e-12
4.837678234282696188e-12
4.836477941101774636e-12
4.835248299082233264e-12
4.833989329239549539e-12
4.832701053086825997e-12
4.831383492634159360e-12
4.830036670388000761e-12
4.828660609350499009e-12
4.827255333018839005e-12
4.825820865384550273e-12
4.824357230932818716e-12
4.822864454641767683e-12
4.821342561981735801e-12
4.819791578914543497e-12
4.818211531892731251e-12
4.816602447858799459e-12
4.814964354244424878e-12
4.813297278969668174e-12
4.811601250442159673e-12
4.809876297556283483e-12
4.808122449692337396e-12
4.806339736715684696e-12
4.804528188975886598e-12
4.802687837305830630e-12
4.800818713020835604e-12
4.798920847917744463e-12
4.796994274274011470e-12
4.795039024846763556e-12
4.793055132871861663e-12
4.791042632062934622e-12
4.789001556610410611e-12
4.786931941180530026e-12
4.784833820914345439e-12
4.782707231426710236e-12
4.780552208805251105e-12
4.778368789609325982e-12
4.776157010868980383e-12
4.773916910083872229e-12
4.771648525222193441e-12
4.769351894719586693e-12
4.767027057478029845e-12
4.764674052864726842e-12
4.762292920710968730e-12
4.759883701310993045e-12
4.757446435420833519e-12
4.754981164257139895e-12
4.752487929496004199e-12
4.749966773271757936e-12
4.747417738175773327e-12
4.744840867255237884e-12
4.742236204011920911e-12
4.739603792400934345e-12
4.736943676829466141e-12
4.734255902155519302e-12
4.731540513686625066e-12
4.728797557178547202e-12
4.726027078833980660e-12
4.723229125301225978e-12
4.720403743672862884e-12
4.717550981484405323e-12
4.714670886712948402e-12
4.711763507775799176e-12
4.708828893529098558e-12
4.705867093266431909e-12
4.702878156717423483e-12
4.699862134046326013e-12
4.696819075850593343e-12
4.693749033159442556e-12
4.690652057432408022e-12
4.687528200557874446e-12
4.684377514851614762e-12
4.681200053055297327e-12
4.677995868334999586e-12
4.674765014279699112e-12
4.671507544899754949e-12
4.668223514625383314e-12
4.664912978305117936e-12
4.661575991204261519e-12
4.658212609003320237e-12
4.654822887796439036e-12
4.651406884089815133e-12
4.647964654800105039e-12
4.644496257252825136e-12
4.641001749180732852e-12
4.637481188722205425e-12
4.633934634419602499e-12
4.630362145217624695e-12
4.626763780461651972e-12
4.623139599896085234e-12
4.619489663662662073e-12
4.615814032298779798e-12
4.612112766735791790e-12
4.608385928297305486e-12
4.604633578697465818e-12
4.600855780039228954e-12
4.597052594812627970e-12
4.593224085893026397e-12
4.589370316539366926e-12
4.585491350392401532e-12
4.581587251472924022e-12
4.577658084179984001e-12
4.573703913289095192e-12
4.569724803950432432e-12
4.565720821687027070e-12
4.561692032392938115e-12
4.557638502331430667e-12
4.553560298133138184e-12
4.549457486794212633e-12
4.545330135674468993e-12
4.541178312495528133e-12
4.537002085338939504e-12
4.532801522644294935e-12
4.528576693207349713e-12
4.524327666178121028e-12
4.520054511058974320e-12
4.515757297702723339e-12
4.511436096310695486e-12
4.507090977430803608e-12
4.502722011955614560e-12
4.498329271120392735e-12
4.493912826501153278e-12
4.489472750012695916e-12
4.485009113906638790e-12
4.480521990769434514e-12
4.476011453520395119e-12
4.471477575409689532e-12
4.466920430016353175e-12
4.462340091246271709e-12
4.457736633330177710e-12
4.453110130821616641e-12
4.448460658594929794e-12
4.443788291843216225e-12
4.439093106076284999e-12
4.434375177118610664e-12
4.429634581107280646e-12
4.424871394489926491e-12
4.420085694022660761e-12
4.415277556767996157e-12
4.410447060092768682e-12
4.405594281666048684e-12
4.400719299457045445e-12
4.395822191733006912e-12
4.390903037057114593e-12
4.385961914286367939e-12
4.380998902569475200e-12
4.376014081344714385e-12
4.371007530337817654e-12
4.365979329559829043e-12
4.360929559304967051e-12
4.355858300148471053e-12
4.350765632944459847e-12
4.345651638823768379e-12
4.340516399191782856e-12
4.335359995726283131e-12
4.330182510375258429e-12
4.324984025354739229e-12
4.319764623146612180e-12
4.314524386496429367e-12
4.309263398411224041e-12
4.303981742157304525e-12
4.298679501258063487e-12
4.293356759491765391e-12
4.288013600889337985e-12
4.282650109732163800e-12
4.277266370549853867e-12
4.271862468118030323e-12
4.266438487456100135e-12
4.260994513825021548e-12
4.255530632725074577e-12
4.250046929893620186e-12
4.244543491302857853e-12
4.239020403157583137e-12
4.233477751892938779e-12
4.227915624172160148e-12
4.222334106884320697e-12
4.216733287142076592e-12
4.211113252279400055e-12
4.205474089849316723e-12
4.199815887621639797e-12
4.194138733580692057e-12
4.188442715923044853e-12
4.182727923055227197e-12
4.176994443591456676e-12
4.171242366351355008e-12
4.165471780357663606e-12
4.159682774833956708e-12
4.153875439202352098e-12
4.148049863081222620e-12
4.142206136282902046e-12
4.136344348811388524e-12
4.130464590860043973e-12
4.124566952809308036e-12
4.118651525224381320e-12
4.112718398852929655e-12
4.106767664622785106e-12
4.100799413639629226e-12
4.094813737184696496e-12
4.088810726712457574e-12
4.082790473848313046e-12
4.076753070386282326e-12
4.070698608286691753e-12
4.064627179673858645e-12
4.058538876833781010e-12
4.052433792211817563e-12
4.046312018410377438e-12
4.040173648186597779e-12
4.034018774450031835e-12
4.027847490260327363e-12
4.021659888824909068e-12
4.015456063496662656e-12
4.009236107771611624e-12
4.003000115286601314e-12
3.996748179816979735e-12
3.990480395274275160e-12
3.984196855703880991e-12
3.977897655282733345e-12
3.971582888316994312e-12
3.965252649239732773e-12
3.958907032608604416e-12
3.952546133103537415e-12
3.946170045524411629e-12
3.939778864788744283e-12
3.933372685929372401e-12
3.926951604092138482e-12
3.920515714533577783e-12
3.914065112618600764e-12
3.907599893818185218e-12
3.901120153707061944e-12
3.894625987961406881e-12
3.888117492356528393e-12
3.881594762764565869e-12
3.875057895152177813e-12
3.868506985578240444e-12
3.861942130191543060e-12
3.855363425228489056e-12
3.848770967010793714e-12
3.842164851943188452e-12
3.835545176511120231e-12
3.828912037278464688e-12
3.822265530885230389e-12
3.815605754045265500e-12
3.808932803543980622e-12
3.802246776236048190e-12
3.795547769043135000e-12
3.788835878951610495e-12
3.782111203010274446e-12
3.775373838328079779e-12
3.768623882071857828e-12
3.761861431464051669e-12
3.755086583780445410e-12
3.748299436347903177e-12
3.741500086542104061e-12
3.734688631785286760e-12
3.727865169543991794e-12
3.721029797326808567e-12
3.714182612682133747e-12
3.707323713195911050e-12
3.700453196489404968e-12
3.693571160216951870e-12
3.686677702063726452e-12
3.679772919743512224e-12
3.672856910996474430e-12
3.665929773586928917e-12
3.658991605301128781e-12
3.652042503945045360e-12
3.645082567342156493e-12
3.638111893331233976e-12
3.631130579764143534e-12
3.624138724503646008e-12
3.617136425421192886e-12
3.610123780394742433e-12
3.603100887306570168e-12
3.596067844041082163e-12
3.589024748482642890e-12
3.581971698513396602e-12
3.574908792011098404e-12
3.567836126846950578e-12
3.560753800883443759e-12
3.553661911972200526e-12
3.546560557951824251e-12
3.539449836645756017e-12
3.532329845860135183e-12
3.525200683381658326e-12
3.518062446975458374e-12
3.510915234382972845e-12
3.503759143319827829e-12
3.496594271473721568e-12
3.489420716502319348e-12
3.482238576031146366e-12
3.475047947651491916e-12
3.467848928918318813e-12
3.460641617348173633e-12
3.453426110417107454e-12
3.446202505558603054e-12
3.438970900161501715e-12
3.431731391567944554e-12
3.424484077071310231e-12
3.417229053914167997e-12
3.409966419286229134e-12
3.402696270322310500e-12
3.395418704100301321e-12
3.388133817639132795e-12
3.380841707896763055e-12
3.373542471768159703e-12
3.366236206083292849e-12
3.358923007605134604e-12
3.351602973027661821e-12
3.344276198973873757e-12
3.336942781993802893e-12
3.329602818562545122e-12
3.322256405078291158e-12
3.314903637860365617e-12
3.307544613147267312e-12
3.300179427094728930e-12
3.292808175773771461e-12
3.285430955168773575e-12
3.278047861175541395e-12
3.270658989599392817e-12
3.263264436153240212e-12
3.255864296455692110e-12
3.248458666029148422e-12
3.241047640297910611e-12
3.233631314586304779e-12
3.226209784116794662e-12
3.218783144008124518e-12
3.211351489273448671e-12
3.203914914818484097e-12
3.196473515439658955e-12
3.189027385822278900e-12
3.181576620538694596e-12
3.174121314046475709e-12
3.166661560686600228e-12
3.159197454681644611e-12
3.151729090133981995e-12
3.144256561023993746e-12
3.136779961208282619e-12
3.129299384417898032e-12
3.121814924256568212e-12
3.114326674198939209e-12
3.106834727588824398e-12
3.099339177637457232e-12
3.091840117421760536e-12
3.084337639882613391e-12
3.076831837823137801e-12
3.069322803906981326e-12
3.061810630656619905e-12
3.054295410451660281e-12
3.046777235527154942e-12
3.039256197971924334e-12
3.031732389726887957e-12
3.024205902583403951e-12
3.016676828181615537e-12
3.009145258008809180e-12
3.001611283397779613e-12
2.994074995525200922e-12
2.986536485410013786e-12
2.978995843911810697e-12
2.971453161729239763e-12
2.963908529398411734e-12
2.956362037291318751e-12
2.948813775614257125e-12
2.941263834406264663e-12
2.933712303537564453e-12
2.926159272708019150e-12
2.918604831445588901e-12
2.911049069104803400e-12
2.903492074865244046e-12
2.895933937730029731e-12
2.888374746524314350e-12
2.880814589893795204e-12
2.873253556303230297e-12
2.865691734034958461e-12
2.858129211187439265e-12
2.850566075673792121e-12
2.843002415220350337e-12
2.835438317365223239e-12
2.827873869456866382e-12
2.820309158652664676e-12
2.812744271917515519e-12
2.805179296022436965e-12
2.797614317543167821e-12
2.790049422858789551e-12
2.782484698150352621e-12
2.774920229399511734e-12
2.767356102387173984e-12
2.759792402692151462e-12
2.752229215689828795e-12
2.744666626550835540e-12
2.737104720239729481e-12
2.729543581513692847e-12
2.721983294921233385e-12
2.714423944800895117e-12
2.706865615279982835e-12
2.699308390273293059e-12
2.691752353481853876e-12
2.684197588391678520e-12
2.676644178272522575e-12
2.669092206176656939e-12
2.661541754937644829e-12
2.653992907169134526e-12
2.646445745263655363e-12
2.638900351391427846e-12
2.631356807499181849e-12
2.623815195308986931e-12
2.616275596317087900e-12
2.608738091792751285e-12
2.601202762777129984e-12
2.593669690082119826e-12
2.586138954289246035e-12
2.578610635748545239e-12
2.571084814577464853e-12
2.563561570659766094e-12
2.556040983644443559e-12
2.548523132944650454e-12
2.541008097736631904e-12
2.533495956958678051e-12
2.525986789310069884e-12
2.518480673250052132e-12
2.510977686996805342e-12
2.503477908526432908e-12
2.495981415571954966e-12
2.488488285622312786e-12
2.480998595921384880e-12
2.473512423467011995e-12
2.466029845010032206e-12
2.458550937053321657e-12
2.451075775850852273e-12
2.443604437406756737e-12
2.436136997474400336e-12
2.428673531555466541e-12
2.421214114899050656e-12
2.413758822500762368e-12
2.406307729101842015e-12
2.398860909188281707e-12
2.391418436989961797e-12
2.383980386479790579e-12
2.376546831372860953e-12
2.369117845125611127e-12
2.361693500935000665e-12
2.354273871737690581e-12
2.346859030209237157e-12
2.339449048763297079e-12
2.332043999550835388e-12
2.324643954459352025e-12
2.317248985112112403e-12
2.309859162867390508e-12
2.302474558817719262e-12
2.295095243789155436e-12
2.287721288340548592e-12
2.280352762762824575e-12
2.272989737078275860e-12
2.265632281039864029e-12
2.258280464130528700e-12
2.250934355562510597e-12
2.243594024276683098e-12
2.236259538941889445e-12
2.228930967954295699e-12
2.221608379436749351e-12
2.214291841238151265e-12
2.206981420932832059e-12
2.199677185819945452e-12
2.192379202922862826e-12
2.185087538988586763e-12
2.177802260487165802e-12
2.170523433611124542e-12
2.163251124274901815e-12
2.155985398114297759e-12
2.148726320485929765e-12
2.141473956466702563e-12
2.134228370853281950e-12
2.126989628161582239e-12
2.119757792626261795e-12
2.112532928200229876e-12
2.105315098554159131e-12
2.098104367076012232e-12
2.090900796870574566e-12
2.083704450758999848e-12
2.076515391278360992e-12
2.069333680681215922e-12
2.062159380935176206e-12
2.054992553722491046e-12
2.047833260439638128e-12
2.040681562196925383e-12
2.033537519818097590e-12
2.026401193839959942e-12
2.019272644512003636e-12
2.012151931796047214e-12
2.005039115365880323e-12
1.997934254606925654e-12
1.990837408615900477e-12
1.983748636200494335e-12
1.976667995879053189e-12
1.969595545880276905e-12
1.962531344142915928e-12
1.955475448315490973e-12
1.948427915756009493e-12
1.941388803531699106e-12
1.934358168418747892e-12
1.927336066902053164e-12
1.920322555174977923e-12
1.913317689139123460e-12
1.906321524404099946e-12
1.899334116287316003e-12
1.892355519813771095e-12
1.885385789715862066e-12
1.878424980433191694e-12
1.871473146112392992e-12
1.864530340606959170e-12
1.857596617477084499e-12
1.850672029989509215e-12
1.843756631117380174e-12
1.836850473540114334e-12
1.829953609643275974e-12
1.823066091518457945e-12
1.816187970963176252e-12
1.809319299480769085e-12
1.802460128280308965e-12
1.795610508276518940e-12
1.788770490089702912e-12
1.781940124045677577e-12
1.775119460175720329e-12
1.768308548216521390e-12
1.761507437610143429e-12
1.754716177503995704e-12
1.747934816750808624e-12
1.741163403908624454e-12
1.734401987240789442e-12
1.727650614715962097e-12
1.720909334008121270e-12
1.714178192496589979e-12
1.707457237266063485e-12
1.700746515106647255e-12
1.694046072513902401e-12
1.687355955688899803e-12
1.680676210538282712e-12
1.674006882674336625e-12
1.667348017415068045e-12
1.660699659784292125e-12
1.654061854511727182e-12
1.647434646033096881e-12
1.640818078490242116e-12
1.634212195731241167e-12
1.627617041310533903e-12
1.621032658489060312e-12
1.614459090234401063e-12
1.607896379220928760e-12
1.601344567829968295e-12
1.594803698149961835e-12
1.588273811976644115e-12
1.581754950813224595e-12
1.575247155870577697e-12
1.568750468067439703e-12
1.562264928030615751e-12
1.555790576095191277e-12
1.549327452304754363e-12
1.542875596411622920e-12
1.536435047877081382e-12
1.530005845871623441e-12
1.523588029275204079e-12
1.517181636677497865e-12
1.510786706378163098e-12
1.504403276387118681e-12
1.498031384424821396e-12
1.491671067922555901e-12
1.485322364022729776e-12
1.478985309579176852e-12
1.472659941157465787e-12
1.466346295035217325e-12
1.460044407202431253e-12
1.453754313361814768e-12
1.447476048929123365e-12
1.441209649033505567e-12
1.434955148517855722e-12
1.428712581939174891e-12
1.422481983568936775e-12
1.416263387393462734e-12
1.410056827114300643e-12
1.403862336148614853e-12
1.397679947629579588e-12
1.391509694406780215e-12
1.385351609046622998e-12
1.379205723832747679e-12
1.373072070766452377e-12
1.366950681567118081e-12
1.360841587672648096e-12
1.354744820239907476e-12
1.348660410145171556e-12
1.342588387984581745e-12
1.336528784074606176e-12
1.330481628452509433e-12
1.324446950876824911e-12
1.318424780827837675e-12
1.312415147508071354e-12
1.306418079842782312e-12
1.300433606480458057e-12
1.294461755793326956e-12
1.288502555877868562e-12
1.282556034555333828e-12
1.276622219372270178e-12
1.270701137601052631e-12
1.264792816240421987e-12
1.258897282016029088e-12
1.253014561380984713e-12
1.247144680516413128e-12
1.241287665332018342e-12
1.235443541466648759e-12
1.229612334288872931e-12
1.223794068897558747e-12
1.217988770122460091e-12
1.212196462524807545e-12
1.206417170397906959e-12
1.200650917767742878e-12
1.194897728393586806e-12
1.189157625768613152e-12
1.183430633120519410e-12
1.177716773412153618e-12
1.172016069342144835e-12
1.166328543345542312e-12
1.160654217594457683e-12
1.154993113998714034e-12
1.149345254206501827e-12
1.143710659605036644e-12
1.138089351321226430e-12
1.132481350222340745e-12
1.126886676916688911e-12
1.121305351754300776e-12
1.115737394827613137e-12
1.110182825972163640e-12
1.104641664767286486e-12
1.099113930536819049e-12
1.093599642349804863e-12
1.088098819021212755e-12
1.082611479112650737e-12
1.077137640933093217e-12
1.071677322539608626e-12
1.066230541738092684e-12
1.060797316084009559e-12
1.055377662883134829e-12
1.049971599192304310e-12
1.044579141820169747e-12
1.039200307327957328e-12
1.033835112030231459e-12
1.028483571995664990e-12
1.023145703047811670e-12
1.017821520765886880e-12
1.012511040485549980e-12
1.007214277299693521e-12
1.001931246059235899e-12
9.966619613739212659e-13
9.914064376131198535e-13
9.861646889066377875e-13
9.809367291455283131e-13
9.757225719829090803e-13
9.705222308347830641e-13
9.653357188808663512e-13
9.601630490654175417e-13
9.550042340980742195e-13
9.498592864546920481e-13
9.447282183781907318e-13
9.396110418794011901e-13
9.345077687379206062e-13
9.294184105029707085e-13
9.243429784942584741e-13
9.192814838028453149e-13
9.142339372920168694e-13
9.092003495981593575e-13
9.041807311316401766e-13
8.991750920776915271e-13
8.941834423972998933e-13
8.892057918280989591e-13
8.842421498852675709e-13
8.792925258624307306e-13
8.743569288325666469e-13
8.694353676489163105e-13
8.645278509458981189e-13
8.596343871400274479e-13
8.547549844308390510e-13
8.498896508018138008e-13
8.450383940213112865e-13
8.402012216435047339e-13
8.353781410093205706e-13
8.305691592473826352e-13
8.257742832749603255e-13
8.209935197989206839e-13
8.162268753166843204e-13
8.114743561171862825e-13
8.067359682818403595e-13
8.020117176855070204e-13
7.973016099974680174e-13
7.926056506824007867e-13
7.879238450013601196e-13
7.832561980127638726e-13
7.786027145733803940e-13
7.739633993393229180e-13
7.693382567670454730e-13
7.647272911143439399e-13
7.601305064413622598e-13
7.555479066116004595e-13
7.509794952929275238e-13
7.464252759586000228e-13
7.418852518882816487e-13
7.373594261690697196e-13
7.328478016965231972e-13
7.283503811756977738e-13
7.238671671221811607e-13
7.193981618631360503e-13
7.149433675383442907e-13
7.105027861012575219e-13
7.060764193200497309e-13
7.016642687786752595e-13
6.972663358779306486e-13
6.928826218365202193e-13
6.885131276921250863e-13
6.841578543024785334e-13
6.798168023464431051e-13
6.754899723250931510e-13
6.711773645628002983e-13
6.668789792083251850e-13
6.625948162359114141e-13
6.583248754463841532e-13
6.540691564682532773e-13
6.498276587588212575e-13
6.456003816052932719e-13
6.413873241258942826e-13
6.371884852709885369e-13
6.330038638242037128e-13
6.288334584035597097e-13
6.246772674626016799e-13
6.205352892915379067e-13
6.164075220183813175e-13
6.122939636100949356e-13
6.081946118737442981e-13
6.041094644576511875e-13
6.000385188525550368e-13
5.959817723927756472e-13
5.919392222573839839e-13
5.879108654713742849e-13
5.838966989068437422e-13
5.798967192841750107e-13
5.759109231732242707e-13
5.719393069945144398e-13
5.679818670204319190e-13
5.640385993764305086e-13
5.601095000422380489e-13
5.561945648530693232e-13
5.522937895008442097e-13
5.484071695354098739e-13
5.445347003657696239e-13
5.406763772613157048e-13
5.368321953530688577e-13
5.330021496349211103e-13
5.291862349648868468e-13
5.253844460663571100e-13
5.215967775293603645e-13
5.178232238118296221e-13
5.140637792408741110e-13
5.103184380140573059e-13
5.065871942006813201e-13
5.028700417430766485e-13
4.991669744578986766e-13
4.954779860374291369e-13
4.918030700508861477e-13
4.881422199457378881e-13
4.844954290490246525e-13
4.808626905686871666e-13
4.772439975949009609e-13
4.736393431014182174e-13
4.700487199469159767e-13
4.664721208763522212e-13
4.629095385223277148e-13
4.593609654064571308e-13
4.558263939407453307e-13
4.523058164289728307e-13
4.487992250680883877e-13
4.453066119496093091e-13
4.418279690610294375e-13
4.383632882872365753e-13
4.349125614119359186e-13
4.314757801190841427e-13
4.280529359943308595e-13
4.246440205264684554e-13
4.212490251088923802e-13
4.178679410410685546e-13
4.145007595300118343e-13
4.111474716917727540e-13
4.078080685529342680e-13
4.044825410521185378e-13
4.011708800415031604e-13
3.978730762883488068e-13
3.945891204765357972e-13
3.913190032081127924e-13
3.880627150048550782e-13
3.848202463098356231e-13
3.815915874890057279e-13
3.783767288327886009e-13
3.751756605576847970e-13
3.719883728078885620e-13
3.688148556569183640e-13
3.656550991092590873e-13
3.625090931020172519e-13
3.593768275065902684e-13
3.562582921303481126e-13
3.531534767183302981e-13
3.500623709549559749e-13
3.469849644657494275e-13
3.439212468190800112e-13
3.408712075279177404e-13
3.378348360516042745e-13
3.348121217976398085e-13
3.318030541234872287e-13
3.288076223383920720e-13
3.258258157052203068e-13
3.228576234423137841e-13
3.199030347253633090e-13
3.169620386893013009e-13
3.140346244302125283e-13
3.111207810072647860e-13
3.082204974446594135e-13
3.053337627336028162e-13
3.024605658342983327e-13
2.996008956779603677e-13
2.967547411688503339e-13
2.939220911863355163e-13
2.911029345869713622e-13
2.882972602066071967e-13
2.855050568625175863e-13
2.827263133555581378e-13
2.799610184723475004e-13
2.772091609874761761e-13
2.744707296657426941e-13
2.717457132644176041e-13
2.690341005355372058e-13
2.663358802282258546e-13
2.636510410910499728e-13
2.609795718744027073e-13
2.583214613329213519e-13
2.556766982279376385e-13
2.530452713299624590e-13
2.504271694212056769e-13
2.478223812981320359e-13
2.452308957740544306e-13
2.426527016817652428e-13
2.400877878762073618e-13
2.375361432371858966e-13
2.349977566721209856e-13
2.324726171188446799e-13
2.299607135484413481e-13
2.274620349681341246e-13
2.249765704242181844e-13
2.225043090050431678e-13
2.200452398440446781e-13
2.175993521228277556e-13
2.151666350743037424e-13
2.127470779858815463e-13
2.103406702027156527e-13
2.079474011310123729e-13
2.055672602413962737e-13
2.032002370723386803e-13
2.008463212336504494e-13
1.985055024100405774e-13
1.961777703647437242e-13
1.938631149432175848e-13
1.915615260769138717e-13
1.892729937871241444e-13
1.869975081889037678e-13
1.847350594950764729e-13
1.824856380203217165e-13
1.802492341853484999e-13
1.780258385211580205e-13
1.758154416733985619e-13
1.736180344068154773e-13
1.714336076098001534e-13
1.692621522990406286e-13
1.671036596242784627e-13
1.649581208731749859e-13
1.628255274762908670e-13
1.607058710121835175e-13
1.585991432126263471e-13
1.565053359679545648e-13
1.544244413325417920e-13
1.523564515304129910e-13
1.503013589609983278e-13
1.482591562050335996e-13
1.462298360306127541e-13
1.442133913993983074e-13
1.422098154729958957e-13
1.402191016194992961e-13
1.382412434202126073e-13
1.362762346765567835e-13
1.343240694171678174e-13
1.323847419051942717e-13
1.304582466458023626e-13
1.285445783938969270e-13
1.266437321620677124e-13
1.247557032287697261e-13
1.228804871467478909e-13
1.210180797517166103e-13
1.191684771713044665e-13
1.173316758342762192e-13
1.155076724800439435e-13
1.136964641684799045e-13
1.118980482900446096e-13
1.101124225762445296e-13
1.083395851104339392e-13
1.065795343389766302e-13
1.048322690827847878e-13
1.030977885492513516e-13
1.013760923445956000e-13
9.966718048664099323e-14
9.797105341804568318e-14
9.628771202000854898e-14
9.461715762647303503e-14
9.295939203885407351e-14
9.131441754131411695e-14
8.968223691661546860e-14
8.806285346257940450e-14
8.645627100918213979e-14
8.486249393632183174e-14
8.328152719229154382e-14
8.171337631299593518e-14
8.015804744195172456e-14
7.861554735111481719e-14
7.708588346257960904e-14
7.556906387119928928e-14
7.406509736817923106e-14
7.257399346569884234e-14
7.109576242262188074e-14
6.963041527135878293e-14
6.817796384594958273e-14
6.673842081144054849e-14
6.531179969463388022e-14
6.389811491629464103e-14
6.249738182490662013e-14
6.110961673207490830e-14
5.973483694968146105e-14
5.837306082890762428e-14
5.702430780124705054e-14
5.568859842164281586e-14
5.436595441389282722e-14
5.305639871848060489e-14
5.175995554300102593e-14
5.047665041536619025e-14
4.920651023999192492e-14
4.794956335718417350e-14
4.670583960596371443e-14
4.547537039059025210e-14
4.425818875107088031e-14
4.305432943796543319e-14
4.186382899183147420e-14
4.068672582768542445e-14
3.952306032489437357e-14
3.837287492295529204e-14
3.723621422366635184e-14
3.611312510024820015e-14
3.500365681403403773e-14
3.390786113941529089e-14
3.282579249780723255e-14
3.175750810148685681e-14
3.070306810825553440e-14
2.966253578799290689e-14
2.863597770229990815e-14
2.762346389857828124e-14
2.662506812006746073e-14
2.564086803355921895e-14
2.467094547674160441e-14
2.371538672739326710e-14
2.277428279696267336e-14
2.184772975143472004e-14
2.093582906281931966e-14
2.003868799510688058e-14
1.915642002914073777e-14
1.828914533157731263e-14
1.743699127396743702e-14
1.660009300903010554e-14
1.577859411244529755e-14
1.497264730001931263e-14
1.418241523194519835e-14
1.340807141818292666e-14
1.264980124183969103e-14
1.190780312099896708e-14
1.118228983394148410e-14
1.047349003841016731e-14
9.781650022889933448e-15
9.107035737348702146e-15
8.449935163286543118e-15
7.810661099358071926e-15
7.189554460850556367e-15
6.586988221240514240e-15
6.003372165397653710e-15
5.439158682082827137e-15
4.894849906528467178e-15
4.371006645469006025e-15
3.868259699089762908e-15
3.387324474659884958e-15
2.929020231801756703e-15
2.494296032658071009e-15
2.084266731051386755e-15
1.700264616721306229e-15
1.343916727857508559e-15
1.017267009134054178e-15
7.229836338234251046e-16
4.647478145852116186e-16
2.481022333711990715e-16
8.287185744637539463e-17
4.184462150416170760e-17
4.184462150416170760e-17
4.184462150416170760e-17
4.184462150416170760e-17
4.184462150416170760e-17
4.184462150416170760e-17
4.184462150416170760e-17
4.184462150416170760e-17
4.184462150416170760e-17
4.184462150416170760e-17
4.184462150416170760e-17
4.184462150416170760e-17
4.184462150416170760e-17
4.184462150416170760e-17
4.184462150416170760e-17
4.184462150416170760e-17
4.184462150416170760e-17
4.184462150416170760e-17
4.184462150416170760e-17
4.184462150416170760e-17
4.184462150416170760e-17
4.184462150416170760e-17
4.184462150416170760e-17
4.184462150416170760e-17
4.184462150416170760e-17
4.184462150416170760e-17
4.184462150416170760e-17
4.184462150416170760e-17
4.184462150416170760e-17
4.184462150416170760e-17
4.184462150416170760e-17
4.184462150416170760e-17
4.184462150416170760e-17
4.184462150416170760e-17
4.184462150416170760e-17
4.184462150416170760e-17
4.184462150416170760e-17
4.184462150416170760e-17
4.184462150416170760e-17
4.184462150416170760e-17
4.184462150416170760e-17
4.184462150416170760e-17
4.184462150416170760e-17
4.184462150416170760e-17
4.184462150416170760e-17
4.184462150416170760e-17
4.184462150416170760e-17
4.184462150416170760e-17
4.184462150416170760e-17
4.184462150416170760e-17
4.184462150416170760e-17
4.184462150416170760e-17
4.184462150416170760e-17
4.184462150416170760e-17
4.184462150416170760e-17
4.184462150416170760e-17
4.184462150416170760e-17
4.184462150416170760e-17
4.184462150416170760e-17
4.184462150416170760e-17
4.184462150416170760e-17
4.184462150416170760e-17
4.184462150416170760e-17
4.184462150416170760e-17
4.184462150416170760e-17
4.184462150416170760e-17
4.184462150416170760e-17
4.184462150416170760e-17
4.184462150416170760e-17
4.184462150416170760e-17
4.184462150416170760e-17
4.184462150416170760e-17
4.184462150416170760e-17
4.184462150416170760e-17
4.184462150416170760e-17
4.184462150416170760e-17
4.184462150416170760e-17
4.184462150416170760e-17
4.184462150416170760e-17
4.184462150416170760e-17
4.184462150416170760e-17
4.184462150416170760e-17
4.184462150416170760e-17
4.184462150416170760e-17
4.184462150416170760e-17
4.184462150416170760e-17
4.184462150416170760e-17
4.184462150416170760e-17
4.184462150416170760e-17
4.184462150416170760e-17
4.184462150416170760e-17
4.184462150416170760e-17
4.184462150416170760e-17
4.184462150416170760e-17
4.184462150416170760e-17
4.184462150416170760e-17
4.184462150416170760e-17
4.184462150416170760e-17
4.184462150416170760e-17
4.184462150416170760e-17
4.184462150416170760e-17
4.184462150416170760e-17
4.184462150416170760e-17
4.184462150416170760e-17
4.184462150416170760e-17
4.184462150416170760e-17
4.184462150416170760e-17
4.184462150416170760e-17
4.184462150416170760e-17
4.184462150416170760e-17
4.184462150416170760e-17
4.184462150416170760e-17
4.184462150416170760e-17
4.184462150416170760e-17
4.184462150416170760e-17
4.184462150416170760e-17
4.184462150416170760e-17
4.184462150416170760e-17
4.184462150416170760e-17
4.184462150416170760e-17
4.184462150416170760e-17
4.184462150416170760e-17
4.184462150416170760e-17
4.184462150416170760e-17
4.184462150416170760e-17
4.184462150416170760e-17
4.184462150416170760e-17
4.184462150416170760e-17
4.184462150416170760e-17
4.184462150416170760e-17
4.184462150416170760e-17
4.184462150416170760e-17
4.184462150416170760e-17
4.184462150416170760e-17
4.184462150416170760e-17
4.184462150416170760e-17
4.184462150416170760e-17
4.184462150416170760e-17
4.184462150416170760e-17
4.184462150416170760e-17
4.184462150416170760e-17
4.184462150416170760e-17
4.184462150416170760e-17
4.184462150416170760e-17
4.184462150416170760e-17
4.184462150416170760e-17
4.184462150416170760e-17
4.184462150416170760e-17
4.184462150416170760e-17
4.184462150416170760e-17
4.184462150416170760e-17
4.184462150416170760e-17
4.184462150416170760e-17
4.184462150416170760e-17
4.184462150416170760e-17
4.184462150416170760e-17
4.184462150416170760e-17
4.184462150416170760e-17
4.184462150416170760e-17
4.184462150416170760e-17
4.184462150416170760e-17
4.184462150416170760e-17
4.184462150416170760e-17
4.184462150416170760e-17
4.184462150416170760e-17
4.184462150416170760e-17
4.184462150416170760e-17
4.184462150416170760e-17
4.184462150416170760e-17
4.184462150416170760e-17
4.184462150416170760e-17
4.184462150416170760e-17
4.184462150416170760e-17
4.184462150416170760e-17
4.184462150416170760e-17
4.184462150416170760e-17
4.184462150416170760e-17
4.184462150416170760e-17
4.184462150416170760e-17
4.184462150416170760e-17
4.184462150416170760e-17
4.184462150416170760e-17
4.184462150416170760e-17
4.184462150416170760e-17
4.184462150416170760e-17
4.184462150416170760e-17
4.184462150416170760e-17
4.184462150416170760e-17
4.184462150416170760e-17
4.184462150416170760e-17
4.184462150416170760e-17
4.184462150416170760e-17
4.184462150416170760e-17
4.184462150416170760e-17
4.184462150416170760e-17
4.184462150416170760e-17
4.184462150416170760e-17
4.184462150416170760e-17
4.184462150416170760e-17
4.184462150416170760e-17
4.184462150416170760e-17
4.184462150416170760e-17
4.184462150416170760e-17
4.184462150416170760e-17
4.184462150416170760e-17
4.184462150416170760e-17
4.184462150416170760e-17
4.184462150416170760e-17
4.184462150416170760e-17
4.184462150416170760e-17
4.184462150416170760e-17
4.184462150416170760e-17
4.184462150416170760e-17
4.184462150416170760e-17
4.184462150416170760e-17
4.184462150416170760e-17
4.184462150416170760e-17
4.184462150416170760e-17
4.184462150416170760e-17
4.184462150416170760e-17
4.184462150416170760e-17
4.184462150416170760e-17
4.184462150416170760e-17
4.184462150416170760e-17
4.184462150416170760e-17
4.184462150416170760e-17
4.184462150416170760e-17
4.184462150416170760e-17
4.184462150416170760e-17
4.184462150416170760e-17
4.184462150416170760e-17
4.184462150416170760e-17
4.184462150416170760e-17
4.184462150416170760e-17
4.184462150416170760e-17
4.184462150416170760e-17
4.184462150416170760e-17
4.184462150416170760e-17
4.184462150416170760e-17
4.184462150416170760e-17
4.184462150416170760e-17
4.184462150416170760e-17
4.184462150416170760e-17
4.184462150416170760e-17
4.184462150416170760e-17
4.184462150416170760e-17
4.184462150416170760e-17
4.184462150416170760e-17
4.184462150416170760e-17
4.184462150416170760e-17
4.184462150416170760e-17
4.184462150416170760e-17
4.184462150416170760e-17
4.184462150416170760e-17
4.184462150416170760e-17
4.184462150416170760e-17
4.184462150416170760e-17
4.184462150416170760e-17
4.184462150416170760e-17
4.184462150416170760e-17
4.184462150416170760e-17
4.184462150416170760e-17
4.184462150416170760e-17
4.184462150416170760e-17
4.184462150416170760e-17
4.184462150416170760e-17
4.184462150416170760e-17
4.184462150416170760e-17
4.184462150416170760e-17
4.184462150416170760e-17
4.184462150416170760e-17
4.184462150416170760e-17
4.184462150416170760e-17
4.184462150416170760e-17
4.184462150416170760e-17
4.184462150416170760e-17
4.184462150416170760e-17
4.184462150416170760e-17
4.184462150416170760e-17
4.184462150416170760e-17
4.184462150416170760e-17
4.184462150416170760e-17
4.184462150416170760e-17
4.184462150416170760e-17
4.184462150416170760e-17
4.184462150416170760e-17
4.184462150416170760e-17
4.184462150416170760e-17
4.184462150416170760e-17
4.184462150416170760e-17
4.184462150416170760e-17
4.184462150416170760e-17
4.184462150416170760e-17
4.184462150416170760e-17
4.184462150416170760e-17
4.184462150416170760e-17
4.184462150416170760e-17
4.184462150416170760e-17
4.184462150416170760e-17
4.184462150416170760e-17
4.184462150416170760e-17
4.184462150416170760e-17
4.184462150416170760e-17
4.184462150416170760e-17
4.184462150416170760e-17
4.184462150416170760e-17
4.184462150416170760e-17
4.184462150416170760e-17
4.184462150416170760e-17
4.184462150416170760e-17
4.184462150416170760e-17
4.184462150416170760e-17
4.184462150416170760e-17
4.184462150416170760e-17
4.184462150416170760e-17
4.184462150416170760e-17
4.184462150416170760e-17
4.184462150416170760e-17
4.184462150416170760e-17
4.184462150416170760e-17
4.184462150416170760e-17
4.184462150416170760e-17
4.184462150416170760e-17
4.184462150416170760e-17
4.184462150416170760e-17
4.184462150416170760e-17
4.184462150416170760e-17
4.184462150416170760e-17
4.184462150416170760e-17
4.184462150416170760e-17
4.184462150416170760e-17
4.184462150416170760e-17
4.184462150416170760e-17
4.184462150416170760e-17
4.184462150416170760e-17
4.184462150416170760e-17
4.184462150416170760e-17
4.184462150416170760e-17
4.184462150416170760e-17
4.184462150416170760e-17
4.184462150416170760e-17
4.184462150416170760e-17
4.184462150416170760e-17
4.184462150416170760e-17
4.184462150416170760e-17
4.184462150416170760e-17
4.184462150416170760e-17
4.184462150416170760e-17
4.184462150416170760e-17
4.184462150416170760e-17
4.184462150416170760e-17
4.184462150416170760e-17
4.184462150416170760e-17
4.184462150416170760e-17
4.184462150416170760e-17
4.184462150416170760e-17
4.184462150416170760e-17
4.184462150416170760e-17
4.184462150416170760e-17
4.184462150416170760e-17
4.184462150416170760e-17
4.184462150416170760e-17
4.184462150416170760e-17
4.184462150416170760e-17
4.184462150416170760e-17
4.184462150416170760e-17
4.184462150416170760e-17
4.184462150416170760e-17
4.184462150416170760e-17
4.184462150416170760e-17
4.184462150416170760e-17
4.184462150416170760e-17
4.184462150416170760e-17
4.184462150416170760e-17
4.184462150416170760e-17
4.184462150416170760e-17
4.184462150416170760e-17
4.184462150416170760e-17
4.184462150416170760e-17
4.184462150416170760e-17
4.184462150416170760e-17
4.184462150416170760e-17
4.184462150416170760e-17
4.184462150416170760e-17
4.184462150416170760e-17
4.184462150416170760e-17
4.184462150416170760e-17
4.184462150416170760e-17
4.184462150416170760e-17
4.184462150416170760e-17
4.184462150416170760e-17
4.184462150416170760e-17
4.184462150416170760e-17
4.184462150416170760e-17
4.184462150416170760e-17
4.184462150416170760e-17
4.184462150416170760e-17
4.184462150416170760e-17
4.184462150416170760e-17
4.184462150416170760e-17
4.184462150416170760e-17
4.184462150416170760e-17
4.184462150416170760e-17
4.184462150416170760e-17
4.184462150416170760e-17
4.184462150416170760e-17
4.184462150416170760e-17
4.184462150416170760e-17
4.184462150416170760e-17
4.184462150416170760e-17
4.184462150416170760e-17
4.184462150416170760e-17
4.184462150416170760e-17
4.184462150416170760e-17
4.184462150416170760e-17
4.184462150416170760e-17
4.184462150416170760e-17
4.184462150416170760e-17
4.184462150416170760e-17
4.184462150416170760e-17
4.184462150416170760e-17
4.184462150416170760e-17
4.184462150416170760e-17
4.184462150416170760e-17
4.184462150416170760e-17
4.184462150416170760e-17
4.184462150416170760e-17
4.184462150416170760e-17
4.184462150416170760e-17
4.184462150416170760e-17
4.184462150416170760e-17
4.184462150416170760e-17
4.184462150416170760e-17
4.184462150416170760e-17
4.184462150416170760e-17
4.184462150416170760e-17
4.184462150416170760e-17
4.184462150416170760e-17
4.184462150416170760e-17
4.184462150416170760e-17
4.184462150416170760e-17
4.184462150416170760e-17
4.184462150416170760e-17
4.184462150416170760e-17
4.184462150416170760e-17
4.184462150416170760e-17
4.184462150416170760e-17
4.184462150416170760e-17
4.184462150416170760e-17
4.184462150416170760e-17
4.184462150416170760e-17
4.184462150416170760e-17
4.184462150416170760e-17
4.184462150416170760e-17
4.184462150416170760e-17
4.184462150416170760e-17
4.184462150416170760e-17
4.184462150416170760e-17
4.184462150416170760e-17
4.184462150416170760e-17
4.184462150416170760e-17
4.184462150416170760e-17
4.184462150416170760e-17
4.184462150416170760e-17
4.184462150416170760e-17
4.184462150416170760e-17
4.184462150416170760e-17
4.184462150416170760e-17
4.184462150416170760e-17
4.184462150416170760e-17
4.184462150416170760e-17
4.184462150416170760e-17
4.184462150416170760e-17
4.184462150416170760e-17
4.184462150416170760e-17
4.184462150416170760e-17
4.184462150416170760e-17
4.184462150416170760e-17
4.184462150416170760e-17
4.184462150416170760e-17
4.184462150416170760e-17
4.184462150416170760e-17
4.184462150416170760e-17
4.184462150416170760e-17
4.184462150416170760e-17
4.184462150416170760e-17
4.184462150416170760e-17
4.184462150416170760e-17
4.184462150416170760e-17
4.184462150416170760e-17
4.184462150416170760e-17
4.184462150416170760e-17
4.184462150416170760e-17
4.184462150416170760e-17
4.184462150416170760e-17
4.184462150416170760e-17
4.184462150416170760e-17
4.184462150416170760e-17
4.184462150416170760e-17
4.184462150416170760e-17
4.184462150416170760e-17
4.184462150416170760e-17
4.184462150416170760e-17
4.184462150416170760e-17
4.184462150416170760e-17
4.184462150416170760e-17
4.184462150416170760e-17
4.184462150416170760e-17
4.184462150416170760e-17
4.184462150416170760e-17
4.184462150416170760e-17
4.184462150416170760e-17
4.184462150416170760e-17
4.184462150416170760e-17
4.184462150416170760e-17
4.184462150416170760e-17
4.184462150416170760e-17
4.184462150416170760e-17
4.184462150416170760e-17
4.184462150416170760e-17
4.184462150416170760e-17
4.184462150416170760e-17
4.184462150416170760e-17
4.184462150416170760e-17
4.184462150416170760e-17
4.184462150416170760e-17
4.184462150416170760e-17
4.184462150416170760e-17
4.184462150416170760e-17
4.184462150416170760e-17
4.184462150416170760e-17
4.184462150416170760e-17
4.184462150416170760e-17
4.184462150416170760e-17
4.184462150416170760e-17
4.184462150416170760e-17
4.184462150416170760e-17
4.184462150416170760e-17
4.184462150416170760e-17
4.184462150416170760e-17
4.184462150416170760e-17
4.184462150416170760e-17
4.184462150416170760e-17
4.184462150416170760e-17
4.184462150416170760e-17
4.184462150416170760e-17
4.184462150416170760e-17
4.184462150416170760e-17
4.184462150416170760e-17
4.184462150416170760e-17
4.184462150416170760e-17
4.184462150416170760e-17
4.184462150416170760e-17
4.184462150416170760e-17
4.184462150416170760e-17
4.184462150416170760e-17
4.184462150416170760e-17
4.184462150416170760e-17
4.184462150416170760e-17
4.184462150416170760e-17
4.184462150416170760e-17
4.184462150416170760e-17
4.184462150416170760e-17
4.184462150416170760e-17
4.184462150416170760e-17
4.184462150416170760e-17
4.184462150416170760e-17
4.184462150416170760e-17
4.184462150416170760e-17
4.184462150416170760e-17
4.184462150416170760e-17
4.184462150416170760e-17
4.184462150416170760e-17
4.184462150416170760e-17
4.184462150416170760e-17
4.184462150416170760e-17
4.184462150416170760e-17
4.184462150416170760e-17
4.184462150416170760e-17
4.184462150416170760e-17
4.184462150416170760e-17
4.184462150416170760e-17
4.184462150416170760e-17
4.184462150416170760e-17
4.184462150416170760e-17
4.184462150416170760e-17
4.184462150416170760e-17
4.184462150416170760e-17
4.184462150416170760e-17
4.184462150416170760e-17
4.184462150416170760e-17
4.184462150416170760e-17
4.184462150416170760e-17
4.184462150416170760e-17
4.184462150416170760e-17
4.184462150416170760e-17
4.184462150416170760e-17
4.184462150416170760e-17
4.184462150416170760e-17
4.184462150416170760e-17
4.184462150416170760e-17
4.184462150416170760e-17
4.184462150416170760e-17
4.184462150416170760e-17
4.184462150416170760e-17
4.184462150416170760e-17
4.184462150416170760e-17
4.184462150416170760e-17
4.184462150416170760e-17
4.184462150416170760e-17
4.184462150416170760e-17
4.184462150416170760e-17
4.184462150416170760e-17
4.184462150416170760e-17
4.184462150416170760e-17
4.184462150416170760e-17
4.184462150416170760e-17
4.184462150416170760e-17
4.184462150416170760e-17
4.184462150416170760e-17
4.184462150416170760e-17
4.184462150416170760e-17
4.184462150416170760e-17
4.184462150416170760e-17
4.184462150416170760e-17
4.184462150416170760e-17
4.184462150416170760e-17
4.184462150416170760e-17
4.184462150416170760e-17
4.184462150416170760e-17
4.184462150416170760e-17
4.184462150416170760e-17
4.184462150416170760e-17
4.184462150416170760e-17
4.184462150416170760e-17
4.184462150416170760e-17
4.184462150416170760e-17
4.184462150416170760e-17
4.184462150416170760e-17
4.184462150416170760e-17
4.184462150416170760e-17
4.184462150416170760e-17
4.184462150416170760e-17
4.184462150416170760e-17
4.184462150416170760e-17
4.184462150416170760e-17
4.184462150416170760e-17
4.184462150416170760e-17
4.184462150416170760e-17
4.184462150416170760e-17
4.184462150416170760e-17
4.184462150416170760e-17
4.184462150416170760e-17
4.184462150416170760e-17
4.184462150416170760e-17
4.184462150416170760e-17
4.184462150416170760e-17
4.184462150416170760e-17
4.184462150416170760e-17
4.184462150416170760e-17
4.184462150416170760e-17
4.184462150416170760e-17
4.184462150416170760e-17
4.184462150416170760e-17
4.184462150416170760e-17
4.184462150416170760e-17
4.184462150416170760e-17
4.184462150416170760e-17
4.184462150416170760e-17
4.184462150416170760e-17
4.184462150416170760e-17
4.184462150416170760e-17
4.184462150416170760e-17
4.184462150416170760e-17
4.184462150416170760e-17
4.184462150416170760e-17
4.184462150416170760e-17
4.184462150416170760e-17
4.184462150416170760e-17
4.184462150416170760e-17
4.184462150416170760e-17
4.184462150416170760e-17
4.184462150416170760e-17
4.184462150416170760e-17
4.184462150416170760e-17
4.184462150416170760e-17
4.184462150416170760e-17
4.184462150416170760e-17
4.184462150416170760e-17
4.184462150416170760e-17
4.184462150416170760e-17
4.184462150416170760e-17
4.184462150416170760e-17
4.184462150416170760e-17
4.184462150416170760e-17
4.184462150416170760e-17
4.184462150416170760e-17
4.184462150416170760e-17
4.184462150416170760e-17
4.184462150416170760e-17
4.184462150416170760e-17
4.184462150416170760e-17
4.184462150416170760e-17
4.184462150416170760e-17
4.184462150416170760e-17
4.184462150416170760e-17
4.184462150416170760e-17
4.184462150416170760e-17
4.184462150416170760e-17
4.184462150416170760e-17
4.184462150416170760e-17
4.184462150416170760e-17
4.184462150416170760e-17
4.184462150416170760e-17
4.184462150416170760e-17
4.184462150416170760e-17
4.184462150416170760e-17
4.184462150416170760e-17
4.184462150416170760e-17
4.184462150416170760e-17
4.184462150416170760e-17
4.184462150416170760e-17
4.184462150416170760e-17
4.184462150416170760e-17
4.184462150416170760e-17
4.184462150416170760e-17
4.184462150416170760e-17
4.184462150416170760e-17
4.184462150416170760e-17
4.184462150416170760e-17
4.184462150416170760e-17
4.184462150416170760e-17
4.184462150416170760e-17
4.184462150416170760e-17
4.184462150416170760e-17
4.184462150416170760e-17
4.184462150416170760e-17
4.184462150416170760e-17
4.184462150416170760e-17
4.184462150416170760e-17
4.184462150416170760e-17
4.184462150416170760e-17
4.184462150416170760e-17
4.184462150416170760e-17
4.184462150416170760e-17
4.184462150416170760e-17
4.184462150416170760e-17
4.184462150416170760e-17
4.184462150416170760e-17
4.184462150416170760e-17
4.184462150416170760e-17
4.184462150416170760e-17
4.184462150416170760e-17
4.184462150416170760e-17
4.184462150416170760e-17
4.184462150416170760e-17
4.184462150416170760e-17
4.184462150416170760e-17
4.184462150416170760e-17
4.184462150416170760e-17
4.184462150416170760e-17
4.184462150416170760e-17
4.184462150416170760e-17
4.184462150416170760e-17
4.184462150416170760e-17
4.184462150416170760e-17
4.184462150416170760e-17
4.184462150416170760e-17
4.184462150416170760e-17
4.184462150416170760e-17
4.184462150416170760e-17
4.184462150416170760e-17
4.184462150416170760e-17
4.184462150416170760e-17
4.184462150416170760e-17
4.184462150416170760e-17
4.184462150416170760e-17
4.184462150416170760e-17
4.184462150416170760e-17
4.184462150416170760e-17
4.184462150416170760e-17
4.184462150416170760e-17
4.184462150416170760e-17
4.184462150416170760e-17
4.184462150416170760e-17
4.184462150416170760e-17
4.184462150416170760e-17
4.184462150416170760e-17
4.184462150416170760e-17
4.184462150416170760e-17
4.184462150416170760e-17
4.184462150416170760e-17
4.184462150416170760e-17
4.184462150416170760e-17
4.184462150416170760e-17
4.184462150416170760e-17
4.184462150416170760e-17
4.184462150416170760e-17
4.184462150416170760e-17
4.184462150416170760e-17
4.184462150416170760e-17
4.184462150416170760e-17
4.184462150416170760e-17
4.184462150416170760e-17
4.184462150416170760e-17
4.184462150416170760e-17
4.184462150416170760e-17
4.184462150416170760e-17
4.184462150416170760e-17
4.184462150416170760e-17
4.184462150416170760e-17
4.184462150416170760e-17
4.184462150416170760e-17
4.184462150416170760e-17
4.184462150416170760e-17
4.184462150416170760e-17
4.184462150416170760e-17
4.184462150416170760e-17
4.184462150416170760e-17
4.184462150416170760e-17
4.184462150416170760e-17
4.184462150416170760e-17
4.184462150416170760e-17
4.184462150416170760e-17
4.184462150416170760e-17
4.184462150416170760e-17
4.184462150416170760e-17
4.184462150416170760e-17
4.184462150416170760e-17
4.184462150416170760e-17
4.184462150416170760e-17
4.184462150416170760e-17
4.184462150416170760e-17
4.184462150416170760e-17
4.184462150416170760e-17
4.184462150416170760e-17
4.184462150416170760e-17
4.184462150416170760e-17
4.184462150416170760e-17
4.184462150416170760e-17
4.184462150416170760e-17
4.184462150416170760e-17
4.184462150416170760e-17
4.184462150416170760e-17
4.184462150416170760e-17
4.184462150416170760e-17
4.184462150416170760e-17
4.184462150416170760e-17
4.184462150416170760e-17
4.184462150416170760e-17
4.184462150416170760e-17
4.184462150416170760e-17
4.184462150416170760e-17
4.184462150416170760e-17
4.184462150416170760e-17
4.184462150416170760e-17
4.184462150416170760e-17
4.184462150416170760e-17
4.184462150416170760e-17
4.184462150416170760e-17
4.184462150416170760e-17
4.184462150416170760e-17
4.184462150416170760e-17
4.184462150416170760e-17
4.184462150416170760e-17
4.184462150416170760e-17
4.184462150416170760e-17
4.184462150416170760e-17
4.184462150416170760e-17
4.184462150416170760e-17
4.184462150416170760e-17
4.184462150416170760e-17
4.184462150416170760e-17
4.184462150416170760e-17
4.184462150416170760e-17
4.184462150416170760e-17
4.184462150416170760e-17
4.184462150416170760e-17
4.184462150416170760e-17
4.184462150416170760e-17
4.184462150416170760e-17
4.184462150416170760e-17
4.184462150416170760e-17
4.184462150416170760e-17
4.184462150416170760e-17
4.184462150416170760e-17
4.184462150416170760e-17
4.184462150416170760e-17
4.184462150416170760e-17
4.184462150416170760e-17
4.184462150416170760e-17
4.184462150416170760e-17
4.184462150416170760e-17
4.184462150416170760e-17
4.184462150416170760e-17
4.184462150416170760e-17
4.184462150416170760e-17
4.184462150416170760e-17
4.184462150416170760e-17
4.184462150416170760e-17
4.184462150416170760e-17
4.184462150416170760e-17
4.184462150416170760e-17
4.184462150416170760e-17
4.184462150416170760e-17
4.184462150416170760e-17
4.184462150416170760e-17
4.184462150416170760e-17
4.184462150416170760e-17
4.184462150416170760e-17
4.184462150416170760e-17
4.184462150416170760e-17
4.184462150416170760e-17
4.184462150416170760e-17
4.184462150416170760e-17
4.184462150416170760e-17
4.184462150416170760e-17
4.184462150416170760e-17
4.184462150416170760e-17
4.184462150416170760e-17
4.184462150416170760e-17
4.184462150416170760e-17
4.184462150416170760e-17
4.184462150416170760e-17
4.184462150416170760e-17
4.184462150416170760e-17
4.184462150416170760e-17
4.184462150416170760e-17
4.184462150416170760e-17
4.184462150416170760e-17
4.184462150416170760e-17
4.184462150416170760e-17
4.184462150416170760e-17
4.184462150416170760e-17
4.184462150416170760e-17
4.184462150416170760e-17
4.184462150416170760e-17
4.184462150416170760e-17
4.184462150416170760e-17
4.184462150416170760e-17
4.184462150416170760e-17
4.184462150416170760e-17
4.184462150416170760e-17
4.184462150416170760e-17
4.184462150416170760e-17
4.184462150416170760e-17
4.184462150416170760e-17
4.184462150416170760e-17
4.184462150416170760e-17
4.184462150416170760e-17
4.184462150416170760e-17
4.184462150416170760e-17
4.184462150416170760e-17
4.184462150416170760e-17
4.184462150416170760e-17
4.184462150416170760e-17
