8.102414519526819115e-12
8.102406067876731087e-12
8.102385674401772014e-12
8.102351840432254251e-12
8.102304500879944569e-12
8.102243644693700291e-12
8.102169268976014360e-12
8.102081372900788606e-12
8.101979956364969574e-12
8.101865019588900730e-12
8.101736562972864789e-12
8.101594587038069547e-12
8.101439092399678887e-12
8.101270079753476103e-12
8.101087549868787634e-12
8.100891503584547487e-12
8.100681941806983723e-12
8.100458865508216123e-12
8.100222275725367616e-12
8.099972173559990747e-12
8.099708560177678318e-12
8.099431436807800051e-12
8.099140804743313558e-12
8.098836665340631871e-12
8.098519020019518422e-12
8.098187870263015961e-12
8.097843217617383548e-12
8.097485063692043235e-12
8.097113410159544528e-12
8.096728258755533687e-12
8.096329611278714954e-12
8.095917469590834397e-12
8.095491835616642750e-12
8.095052711343885721e-12
8.094600098823268450e-12
8.094134000168439349e-12
8.093654417555980413e-12
8.093161353225366829e-12
8.092654809478962128e-12
8.092134788681987488e-12
8.091601293262507199e-12
8.091054325711409268e-12
8.090493888582373116e-12
8.089919984491866339e-12
8.089332616119102707e-12
8.088731786206040549e-12
8.088117497557340744e-12
8.087489753040358646e-12
8.086848555585110157e-12
8.086193908184263648e-12
8.085525813893094721e-12
8.084844275829476518e-12
8.084149297173852256e-12
8.083440881169206144e-12
8.082719031121039152e-12
8.081983750397343159e-12
8.081235042428573491e-12
8.080472910707624684e-12
8.079697358789796560e-12
8.078908390292769990e-12
8.078106008896577814e-12
8.077290218343575764e-12
8.076461022438410148e-12
8.075618425047992000e-12
8.074762430101459929e-12
8.073893041590157489e-12
8.073010263567594417e-12
8.072114100149420774e-12
8.071204555513380099e-12
8.070281633899298097e-12
8.069345339609032557e-12
8.068395677006442655e-12
8.067432650517358258e-12
8.066456264629542767e-12
8.065466523892657572e-12
8.064463432918221662e-12
8.063446996379585780e-12
8.062417219011883949e-12
8.061374105612001165e-12
8.060317661038534622e-12
8.059247890211758165e-12
8.058164798113578678e-12
8.057068389787498915e-12
8.055958670338581964e-12
8.054835644933394702e-12
8.053699318799991632e-12
8.052549697227855116e-12
8.051386785567854976e-12
8.050210589232212958e-12
8.049021113694460723e-12
8.047818364489386535e-12
8.046602347213002948e-12
8.045373067522491873e-12
8.044130531136170657e-12
8.042874743833438765e-12
8.041605711454734159e-12
8.040323439901491292e-12
8.039027935136086182e-12
8.037719203181799247e-12
8.036397250122758768e-12
8.035062082103897258e-12
8.033713705330904621e-12
8.032352126070176443e-12
8.030977350648762299e-12
8.029589385454318902e-12
8.028188236935061629e-12
8.026773911599709600e-12
8.025346416017440432e-12
8.023905756817824009e-12
8.022451940690788546e-12
8.020984974386559205e-12
8.019504864715599927e-12
8.018011618548569815e-12
8.016505242816258510e-12
8.014985744509545801e-12
8.013453130679327307e-12
8.011907408436474088e-12
8.010348584951774485e-12
8.008776667455872726e-12
8.007191663239215613e-12
8.005593579651989512e-12
8.003982424104070274e-12
8.002358204064960222e-12
8.000720927063729993e-12
7.999070600688963606e-12
7.997407232588688995e-12
7.995730830470326308e-12
7.994041402100626513e-12
7.992338955305606778e-12
7.990623497970487462e-12
7.988895038039637183e-12
7.987153583516508197e-12
7.985399142463568542e-12
7.983631723002239032e-12
7.981851333312836707e-12
7.980057981634505368e-12
7.978251676265149336e-12
7.976432425561375289e-12
7.974600237938416331e-12
7.972755121870073831e-12
7.970897085888647954e-12
7.969026138584874651e-12
7.967142288607846493e-12
7.965245544664962595e-12
7.963335915521847829e-12
7.961413410002281744e-12
7.959478036988143632e-12
7.957529805419328518e-12
7.955568724293682540e-12
7.953594802666933474e-12
7.951608049652621268e-12
7.949608474422020490e-12
7.947596086204075708e-12
7.945570894285317476e-12
7.943532908009812255e-12
7.941482136779060625e-12
7.939418590051945594e-12
7.937342277344650195e-12
7.935253208230583176e-12
7.933151392340304678e-12
7.931036839361450306e-12
7.928909559038655192e-12
7.926769561173482913e-12
7.924616855624341482e-12
7.922451452306409024e-12
7.920273361191559465e-12
7.918082592308280137e-12
7.915879155741595842e-12
7.913663061632989690e-12
7.911434320180322319e-12
7.909192941637757581e-12
7.906938936315678528e-12
7.904672314580600169e-12
7.902393086855109699e-12
7.900101263617756635e-12
7.897796855402994654e-12
7.895479872801091123e-12
7.893150326458038239e-12
7.890808227075480333e-12
7.888453585410629850e-12
7.886086412276170423e-12
7.883706718540190628e-12
7.881314515126088669e-12
7.878909813012488363e-12
7.876492623233156747e-12
7.874062956876920069e-12
7.871620825087568466e-12
7.869166239063776800e-12
7.866699210059022266e-12
7.864219749381480993e-12
7.861727868393955339e-12
7.859223578513781809e-12
7.856706891212738962e-12
7.854177818016961785e-12
7.851636370506844762e-12
7.849082560316967550e-12
7.846516399135989973e-12
7.843937898706568005e-12
7.841347070825263304e-12
7.838743927342444655e-12
7.836128480162210425e-12
7.833500741242278702e-12
7.830860722593911363e-12
7.828208436281804215e-12
7.825543894424012674e-12
7.822867109191841911e-12
7.820178092809762837e-12
7.817476857555308707e-12
7.814763415758991109e-12
7.812037779804193336e-12
7.809299962127084759e-12
7.806549975216519047e-12
7.803787831613937227e-12
7.801013543913270754e-12
7.798227124760854269e-12
7.795428586855310887e-12
7.792617942947471424e-12
7.789795205840258070e-12
7.786960388388603613e-12
7.784113503499344808e-12
7.781254564131117366e-12
7.778383583294262247e-12
7.775500574050728727e-12
7.772605549513964538e-12
7.769698522848828625e-12
7.766779507271469979e-12
7.763848516049246854e-12
7.760905562500608834e-12
7.757950659995007971e-12
7.754983821952780853e-12
7.752005061845062970e-12
7.749014393193665935e-12
7.746011829570993474e-12
7.742997384599925100e-12
7.739971071953711102e-12
7.736932905355872378e-12
7.733882898580095423e-12
7.730821065450122467e-12
7.727747419839652926e-12
7.724661975672225464e-12
7.721564746921122671e-12
7.718455747609261208e-12
7.715334991809081941e-12
7.712202493642440086e-12
7.709058267280506655e-12
7.705902326943645673e-12
7.702734686901325321e-12
7.699555361471987073e-12
7.696364365022951990e-12
7.693161711970307631e-12
7.689947416778793349e-12
7.686721493961690423e-12
7.683483958080723517e-12
7.680234823745929810e-12
7.676974105615562063e-12
7.673701818395975530e-12
7.670417976841510019e-12
7.667122595754380028e-12
7.663815689984564892e-12
7.660497274429694072e-12
7.657167364034934064e-12
7.653825973792872079e-12
7.650473118743407796e-12
7.647108813973633811e-12
7.643733074617720927e-12
7.640345915856809913e-12
7.636947352918887104e-12
7.633537401078679383e-12
7.630116075657524942e-12
7.626683392023274721e-12
7.623239365590153478e-12
7.619784011818666077e-12
7.616317346215465014e-12
7.612839384333238941e-12
7.609350141770597958e-12
7.605849634171941134e-12
7.602337877227359577e-12
7.598814886672503949e-12
7.595280678288463301e-12
7.591735267901660060e-12
7.588178671383715932e-12
7.584610904651340431e-12
7.581031983666208092e-12
7.577441924434835685e-12
7.573840743008467510e-12
7.570228455482950998e-12
7.566605077998615539e-12
7.562970626740149701e-12
7.559325117936484903e-12
7.555668567860662940e-12
7.552000992829727741e-12
7.548322409204588039e-12
7.544632833389904281e-12
7.540932281833965847e-12
7.537220771028558568e-12
7.533498317508850022e-12
7.529764937853263515e-12
7.526020648683348837e-12
7.522265466663665940e-12
7.518499408501650840e-12
7.514722490947496068e-12
7.510934730794029501e-12
7.507136144876573803e-12
7.503326750072841411e-12
7.499506563302787523e-12
7.495675601528500232e-12
7.491833881754064816e-12
7.487981421025434499e-12
7.484118236430317349e-12
7.480244345098029269e-12
7.476359764199379285e-12
7.472464510946543529e-12
7.468558602592924691e-12
7.464642056433034070e-12
7.460714889802357490e-12
7.456777120077230894e-12
7.452828764674706251e-12
7.448869841052425542e-12
7.444900366708488283e-12
7.440920359181328735e-12
7.436929836049567276e-12
7.432928814931908614e-12
7.428917313486978617e-12
7.424895349413227375e-12
7.420862940448766028e-12
7.416820104371256902e-12
7.412766858997771342e-12
7.408703222184666925e-12
7.404629211827443672e-12
7.400544845860622881e-12
7.396450142257604954e-12
7.392345119030543383e-12
7.388229794230209037e-12
7.384104185945864150e-12
7.379968312305108838e-12
7.375822191473772855e-12
7.371665841655763729e-12
7.367499281092937515e-12
7.363322528064972776e-12
7.359135600889220337e-12
7.354938517920582116e-12
7.350731297551368949e-12
7.346513958211171347e-12
7.342286518366714088e-12
7.338048996521731825e-12
7.333801411216828521e-12
7.329543781029336899e-12
7.325276124573190807e-12
7.320998460498786280e-12
7.316710807492837752e-12
7.312413184278248807e-12
7.308105609613978090e-12
7.303788102294890668e-12
7.299460681151630402e-12
7.295123365050482618e-12
7.290776172893225478e-12
7.286419123617008810e-12
7.282052236194194161e-12
7.277675529632241709e-12
7.273289022973556782e-12
7.268892735295345264e-12
7.264486685709492423e-12
7.260070893362407816e-12
7.255645377434896851e-12
7.251210157142015383e-12
7.246765251732934813e-12
7.242310680490795069e-12
7.237846462732572128e-12
7.233372617808931806e-12
7.228889165104098085e-12
7.224396124035702870e-12
7.219893514054647040e-12
7.215381354644969590e-12
7.210859665323694152e-12
7.206328465640697321e-12
7.201787775178557598e-12
7.197237613552422107e-12
7.192678000409866035e-12
7.188108955430743193e-12
7.183530498327049499e-12
7.178942648842779996e-12
7.174345426753786683e-12
7.169738851867636342e-12
7.165122944023464326e-12
7.160497723091840469e-12
7.155863208974616411e-12
7.151219421604792311e-12
7.146566380946363366e-12
7.141904106994184104e-12
7.137232619773824597e-12
7.132551939341426671e-12
7.127862085783549617e-12
7.123163079217049835e-12
7.118454939788909576e-12
7.113737687676116584e-12
7.109011343085500920e-12
7.104275926253606523e-12
7.099531457446537733e-12
7.094777956959810649e-12
7.090015445118222275e-12
7.085243942275693804e-12
7.080463468815133290e-12
7.075674045148280559e-12
7.070875691715572301e-12
7.066068428985993440e-12
7.061252277456930112e-12
7.056427257654029921e-12
7.051593390131046840e-12
7.046750695469697422e-12
7.041899194279527518e-12
7.037038907197747485e-12
7.032169854889105363e-12
7.027292058045718045e-12
7.022405537386948494e-12
7.017510313659242568e-12
7.012606407635994925e-12
7.007693840117388275e-12
7.002772631930260090e-12
6.997842803927948320e-12
6.992904376990150027e-12
6.987957372022763862e-12
6.983001809957757594e-12
6.978037711753010583e-12
6.973065098392165960e-12
6.968083990884494104e-12
6.963094410264731088e-12
6.958096377592945391e-12
6.953089913954376339e-12
6.948075040459295973e-12
6.943051778242862032e-12
6.938020148464959621e-12
6.932980172310066314e-12
6.927931870987097864e-12
6.922875265729256337e-12
6.917810377793891173e-12
6.912737228462342472e-12
6.907655839039798823e-12
6.902566230855147057e-12
6.897468425260821994e-12
6.892362443632659426e-12
6.887248307369751521e-12
6.882126037894286881e-12
6.876995656651414026e-12
6.871857185109093565e-12
6.866710644757931792e-12
6.861556057111053863e-12
6.856393443703943850e-12
6.851222826094292881e-12
6.846044225861858578e-12
6.840857664608310774e-12
6.835663163957083682e-12
6.830460745553228071e-12
6.825250431063257787e-12
6.820032242175007576e-12
6.814806200597476380e-12
6.809572328060685157e-12
6.804330646315522597e-12
6.799081177133594065e-12
6.793823942307082658e-12
6.788558963648585226e-12
6.783286262990974235e-12
6.778005862187244292e-12
6.772717783110359465e-12
6.767422047653111118e-12
6.762118677727960387e-12
6.756807695266896818e-12
6.751489122221278424e-12
6.746162980561694357e-12
6.740829292277801739e-12
6.735488079378189948e-12
6.730139363890218255e-12
6.724783167859875264e-12
6.719419513351624628e-12
6.714048422448258833e-12
6.708669917250740070e-12
6.703284019878066133e-12
6.697890752467107250e-12
6.692490137172459065e-12
6.687082196166299654e-12
6.681666951638230395e-12
6.676244425795133790e-12
6.670814640861015954e-12
6.665377619076866858e-12
6.659933382700503623e-12
6.654481954006417843e-12
6.649023355285633416e-12
6.643557608845553063e-12
6.638084737009805653e-12
6.632604762118105649e-12
6.627117706526091549e-12
6.621623592605183714e-12
6.616122442742431694e-12
6.610614279340366403e-12
6.605099124816850678e-12
6.599577001604923371e-12
6.594047932152660415e-12
6.588511938923014067e-12
6.582969044393673161e-12
6.577419271056905592e-12
6.571862641419412102e-12
6.566299178002177645e-12
6.560728903340318716e-12
6.555151839982937143e-12
6.549568010492970638e-12
6.543977437447037707e-12
6.538380143435295477e-12
6.532776151061285405e-12
6.527165482941788686e-12
6.521548161706668729e-12
6.515924209998732223e-12
6.510293650473570803e-12
6.504656505799417267e-12
6.499012798656994518e-12
6.493362551739365310e-12
6.487705787751785237e-12
6.482042529411556516e-12
6.476372799447869664e-12
6.470696620601663745e-12
6.465014015625472893e-12
6.459325007283277679e-12
6.453629618350359702e-12
6.447927871613146500e-12
6.442219789869071797e-12
6.436505395926417177e-12
6.430784712604168295e-12
6.425057762731869479e-12
6.419324569149470243e-12
6.413585154707177466e-12
6.407839542265309176e-12
6.402087754694142692e-12
6.396329814873775675e-12
6.390565745693964577e-12
6.384795570053985696e-12
6.379019310862484928e-12
6.373236991037329939e-12
6.367448633505461534e-12
6.361654261202745021e-12
6.355853897073829654e-12
6.350047564071986269e-12
6.344235285158976420e-12
6.338417083304894859e-12
6.332592981488024942e-12
6.326763002694687570e-12
6.320927169919101443e-12
6.315085506163231192e-12
6.309238034436637133e-12
6.303384777756339553e-12
6.297525759146657965e-12
6.291661001639073776e-12
6.285790528272077620e-12
6.279914362091029607e-12
6.274032526148009882e-12
6.268145043501665951e-12
6.262251937217074551e-12
6.256353230365595434e-12
6.250448946024718699e-12
6.244539107277924236e-12
6.238623737214533088e-12
6.232702858929564475e-12
6.226776495523587158e-12
6.220844670102577269e-12
6.214907405777766443e-12
6.208964725665504498e-12
6.203016652887109181e-12
6.197063210568719958e-12
6.191104421841159076e-12
6.185140309839780502e-12
6.179170897704328562e-12
6.173196208578788499e-12
6.167216265611250762e-12
6.161231091953758333e-12
6.155240710762165367e-12
6.149245145195993398e-12
6.143244418418286751e-12
6.137238553595467942e-12
6.131227573897197932e-12
6.125211502496223452e-12
6.119190362568242105e-12
6.113164177291756153e-12
6.107132969847927113e-12
6.101096763420436011e-12
6.095055581195339593e-12
6.089009446360921694e-12
6.082958382107559141e-12
6.076902411627573926e-12
6.070841558115092655e-12
6.064775844765901139e-12
6.058705294777307076e-12
6.052629931347993024e-12
6.046549777677877468e-12
6.040464856967974261e-12
6.034375192420243989e-12
6.028280807237463111e-12
6.022181724623074514e-12
6.016077967781046151e-12
6.009969559915734525e-12
6.003856524231743323e-12
5.997738883933777207e-12
5.991616662226509332e-12
5.985489882314431912e-12
5.979358567401725350e-12
5.973222740692108798e-12
5.967082425388706066e-12
5.960937644693906678e-12
5.954788421809222089e-12
5.948634779935146739e-12
5.942476742271019924e-12
5.936314332014889280e-12
5.930147572363367799e-12
5.923976486511494085e-12
5.917801097652597450e-12
5.911621428978159783e-12
5.905437503677670952e-12
5.899249344938499562e-12
5.893056975945743508e-12
5.886860419882104771e-12
5.880659699927745627e-12
5.874454839260146479e-12
5.868245861053979031e-12
5.862032788480959272e-12
5.855815644709715800e-12
5.849594452905654930e-12
5.843369236230817704e-12
5.837140017843748228e-12
5.830906820899353921e-12
5.824669668548775462e-12
5.818428583939244614e-12
5.812183590213952559e-12
5.805934710511910954e-12
5.799681967967818646e-12
5.793425385711928388e-12
5.787164986869909509e-12
5.780900794562712211e-12
5.774632831906434278e-12
5.768361122012190218e-12
5.762085687985969086e-12
5.755806552928509281e-12
5.749523739935158794e-12
5.743237272095742731e-12
5.736947172494434069e-12
5.730653464209612287e-12
5.724356170313738970e-12
5.718055313873221288e-12
5.711750917948276292e-12
5.705443005592806508e-12
5.699131599854258577e-12
5.692816723773499662e-12
5.686498400384676889e-12
5.680176652715097799e-12
5.673851503785084132e-12
5.667522976607854700e-12
5.661191094189385637e-12
5.654855879528280347e-12
5.648517355615645908e-12
5.642175545434953326e-12
5.635830471961913133e-12
5.629482158164347760e-12
5.623130627002055821e-12
5.616775901426683679e-12
5.610418004381601852e-12
5.604056958801770919e-12
5.597692787613613080e-12
5.591325513734886951e-12
5.584955160074554274e-12
5.578581749532656328e-12
5.572205305000183873e-12
5.565825849358948708e-12
5.559443405481460894e-12
5.553057996230794650e-12
5.546669644460466386e-12
5.540278373014307064e-12
5.533884204726332956e-12
5.527487162420625280e-12
5.521087268911195300e-12
5.514684547001870426e-12
5.508279019486156081e-12
5.501870709147117766e-12
5.495459638757256657e-12
5.489045831078381165e-12
5.482629308861481732e-12
5.476210094846610465e-12
5.469788211762753508e-12
5.463363682327713104e-12
5.456936529247971075e-12
5.450506775218580581e-12
5.444074442923033640e-12
5.437639555033139960e-12
5.431202134208905769e-12
5.424762203098409414e-12
5.418319784337683427e-12
5.411874900550582849e-12
5.405427574348678606e-12
5.398977828331118567e-12
5.392525685084521721e-12
5.386071167182847319e-12
5.379614297187280969e-12
5.373155097646104587e-12
5.366693591094589766e-12
5.360229800054864488e-12
5.353763747035802459e-12
5.347295454532897900e-12
5.340824945028154073e-12
5.334352240989952415e-12
5.327877364872945105e-12
5.321400339117932277e-12
5.314921186151740852e-12
5.308439928387112257e-12
5.301956588222581248e-12
5.295471188042359600e-12
5.288983750216218965e-12
5.282494297099373749e-12
5.276002851032362365e-12
5.269509434340936564e-12
5.263014069335938651e-12
5.256516778313194050e-12
5.250017583553382862e-12
5.243516507321939700e-12
5.237013571868927674e-12
5.230508799428927721e-12
5.224002212220923903e-12
5.217493832448191116e-12
5.210983682298175545e-12
5.204471783942388838e-12
5.197958159536285320e-12
5.191442831219158602e-12
5.184925821114023636e-12
5.178407151327502821e-12
5.171886843949714523e-12
5.165364921054167260e-12
5.158841404697637720e-12
5.152316316920067365e-12
5.145789679744446917e-12
5.139261515176709731e-12
5.132731845205612236e-12
5.126200691802636200e-12
5.119668076921869167e-12
5.113134022499898646e-12
5.106598550455700627e-12
5.100061682690532958e-12
5.093523441087821443e-12
5.086983847513058871e-12
5.080442923813688687e-12
5.073900691819003219e-12
5.067357173340032196e-12
5.060812390169437737e-12
5.054266364081402876e-12
5.047719116831528163e-12
5.041170670156727460e-12
5.034621045775114042e-12
5.028070265385902043e-12
5.021518350669294987e-12
5.014965323286385616e-12
5.008411204879046031e-12
5.001856017069824296e-12
4.995299781461842656e-12
4.988742519638687677e-12
4.982184253164312499e-12
4.975625003582926175e-12
4.969064792418895115e-12
4.962503641176641308e-12
4.955941571340535688e-12
4.949378604374796357e-12
4.942814761723382763e-12
4.936250064809906031e-12
4.929684535037511839e-12
4.923118193788791556e-12
4.916551062425671577e-12
4.909983162289318809e-12
4.903414514700036467e-12
4.896845140957171180e-12
4.890275062339000700e-12
4.883704300102643440e-12
4.877132875483959914e-12
4.870560809697447727e-12
4.863988123936145450e-12
4.857414839371539721e-12
4.850840977153456193e-12
4.844266558409971485e-12
4.837691604247311400e-12
4.831116135749755606e-12
4.824540173979535853e-12
4.817963739976749539e-12
4.811386854759251467e-12
4.804809539322569025e-12
4.798231814639796367e-12
4.791653701661507977e-12
4.785075221315656887e-12
4.778496394507484207e-12
4.771917242119422995e-12
4.765337785011007785e-12
4.758758044018773611e-12
4.752178039956164730e-12
4.745597793613451416e-12
4.739017325757620101e-12
4.732436657132298252e-12
4.725855808457646930e-12
4.719274800430281632e-12
4.712693653723169697e-12
4.706112388985546296e-12
4.699531026842823155e-12
4.692949587896494845e-12
4.686368092724046698e-12
4.679786561878875641e-12
4.673205015890183570e-12
4.666623475262905451e-12
4.660041960477607546e-12
4.653460491990405010e-12
4.646879090232868999e-12
4.640297775611946699e-12
4.633716568509861156e-12
4.627135489284036157e-12
4.620554558267000903e-12
4.613973795766307620e-12
4.607393222064444315e-12
4.600812857418743495e-12
4.594232722061303813e-12
4.587652836198902823e-12
4.581073220012905702e-12
4.574493893659186893e-12
4.567914877268045287e-12
4.561336190944114559e-12
4.554757854766285616e-12
4.548179888787617744e-12
4.541602313035261867e-12
4.535025147510367646e-12
4.528448412188011593e-12
4.521872127017106593e-12
4.515296311920326779e-12
4.508720986794016253e-12
4.502146171508118810e-12
4.495571885906089075e-12
4.488998149804816576e-12
4.482424982994539307e-12
4.475852405238771835e-12
4.469280436274219676e-12
4.462709095810701742e-12
4.456138403531067951e-12
4.449568379091130562e-12
4.442999042119571279e-12
4.436430412217875820e-12
4.429862508960248291e-12
4.423295351893536870e-12
4.416728960537157870e-12
4.410163354383014160e-12
4.403598552895424876e-12
4.397034575511043846e-12
4.390471441638786879e-12
4.383909170659758260e-12
4.377347781927169161e-12
4.370787294766269790e-12
4.364227728474266185e-12
4.357669102320258012e-12
4.351111435545155368e-12
4.344554747361608499e-12
4.337999056953933483e-12
4.331444383478040338e-12
4.324890746061361935e-12
4.318338163802779682e-12
4.311786655772551629e-12
4.305236241012240576e-12
4.298686938534647024e-12
4.292138767323729206e-12
4.285591746334544923e-12
4.279045894493173192e-12
4.272501230696643155e-12
4.265957773812870268e-12
4.259415542680584404e-12
4.252874556109256347e-12
4.246334832879041243e-12
4.239796391740697015e-12
4.233259251415524586e-12
4.226723430595297601e-12
4.220188947942196187e-12
4.213655822088739908e-12
4.207124071637719907e-12
4.200593715162133479e-12
4.194064771205118637e-12
4.187537258279887873e-12
4.181011194869666766e-12
4.174486599427622089e-12
4.167963490376800417e-12
4.161441886110065926e-12
4.154921804990034960e-12
4.148403265349011412e-12
4.141886285488926942e-12
4.135370883681273129e-12
4.128857078167041685e-12
4.122344887156660649e-12
4.115834328829940258e-12
4.109325421335996211e-12
4.102818182793202005e-12
4.096312631289122700e-12
4.089808784880457562e-12
4.083306661592969789e-12
4.076806279421441270e-12
4.070307656329602311e-12
4.063810810250075896e-12
4.057315759084320330e-12
4.050822520702567853e-12
4.044331112943767283e-12
4.037841553615528278e-12
4.031353860494059945e-12
4.024868051324117524e-12
4.018384143818942614e-12
4.011902155660206625e-12
4.005422104497956656e-12
3.998944007950561376e-12
3.992467883604648010e-12
3.985993749015053069e-12
3.979521621704767419e-12
3.973051519164882157e-12
3.966583458854526412e-12
3.960117458200826148e-12
3.953653534598840346e-12
3.947191705411515772e-12
3.940731987969624773e-12
3.934274399571720848e-12
3.927818957484083723e-12
3.921365678940665223e-12
3.914914581143043230e-12
3.908465681260361908e-12
3.902018996429291311e-12
3.895574543753966799e-12
3.889132340305946227e-12
3.882692403124157433e-12
3.876254749214847355e-12
3.869819395551532748e-12
3.863386359074955761e-12
3.856955656693029810e-12
3.850527305280791923e-12
3.844101321680360730e-12
3.837677722700882346e-12
3.831256525118485129e-12
3.824837745676236063e-12
3.818421401084086635e-12
3.812007508018835676e-12
3.805596083124076047e-12
3.799187143010154249e-12
3.792780704254121956e-12
3.786376783399691584e-12
3.779975396957195099e-12
3.773576561403532311e-12
3.767180293182134529e-12
3.760786608702920129e-12
3.754395524342243666e-12
3.748007056442864367e-12
3.741621221313894434e-12
3.735238035230761078e-12
3.728857514435161280e-12
3.722479675135027058e-12
3.716104533504473771e-12
3.709732105683770223e-12
3.703362407779291011e-12
3.696995455863476131e-12
3.690631265974796244e-12
3.684269854117706630e-12
3.677911236262613266e-12
3.671555428345829198e-12
3.665202446269541427e-12
3.658852305901767285e-12
3.652505023076319702e-12
3.646160613592766816e-12
3.639819093216398041e-12
3.633480477678183283e-12
3.627144782674741830e-12
3.620812023868298333e-12
3.614482216886654533e-12
3.608155377323145638e-12
3.601831520736614070e-12
3.595510662651366250e-12
3.589192818557142303e-12
3.582878003909080115e-12
3.576566234127681805e-12
3.570257524598780609e-12
3.563951890673506546e-12
3.557649347668252090e-12
3.551349910864642683e-12
3.545053595509502404e-12
3.538760416814818023e-12
3.532470389957718000e-12
3.526183530080427647e-12
3.519899852290247729e-12
3.513619371659519721e-12
3.507342103225595118e-12
3.501068061990805141e-12
3.494797262922435694e-12
3.488529720952688589e-12
3.482265450978662165e-12
3.476004467862313313e-12
3.469746786430436481e-12
3.463492421474632973e-12
3.457241387751280660e-12
3.450993699981507319e-12
3.444749372851165594e-12
3.438508421010804726e-12
3.432270859075641465e-12
3.426036701625537458e-12
3.419805963204973803e-12
3.413578658323017925e-12
3.407354801453309848e-12
3.401134407034025440e-12
3.394917489467859447e-12
3.388704063121997626e-12
3.382494142328095337e-12
3.376287741382250079e-12
3.370084874544980891e-12
3.363885556041204121e-12
3.357689800060210801e-12
3.351497620755643632e-12
3.345309032245474765e-12
3.339124048611986417e-12
3.332942683901743807e-12
3.326764952125578599e-12
3.320590867258568705e-12
3.314420443240012033e-12
3.308253693973411140e-12
3.302090633326450610e-12
3.295931275130980497e-12
3.289775633182992497e-12
3.283623721242604594e-12
3.277475553034039661e-12
3.271331142245609296e-12
3.265190502529694039e-12
3.259053647502724382e-12
3.252920590745167446e-12
3.246791345801505571e-12
3.240665926180221373e-12
3.234544345353779971e-12
3.228426616758615257e-12
3.222312753795110104e-12
3.216202769827582230e-12
3.210096678184272080e-12
3.203994492157322226e-12
3.197896225002766468e-12
3.191801889940512457e-12
3.185711500154331204e-12
3.179625068791841318e-12
3.173542608964492050e-12
3.167464133747558443e-12
3.161389656180119117e-12
3.155319189265049809e-12
3.149252745969008831e-12
3.143190339222425358e-12
3.137131981919486500e-12
3.131077686918128018e-12
3.125027467040021397e-12
3.118981335070564148e-12
3.112939303758869718e-12
3.106901385817754965e-12
3.100867593923733291e-12
3.094837940717001720e-12
3.088812438801433223e-12
3.082791100744570253e-12
3.076773939077609806e-12
3.070760966295402609e-12
3.064752194856438581e-12
3.058747637182841582e-12
3.052747305660362549e-12
3.046751212638370203e-12
3.040759370429847414e-12
3.034771791311381110e-12
3.028788487523157015e-12
3.022809471268954814e-12
3.016834754716140067e-12
3.010864349995661384e-12
3.004898269202043158e-12
2.998936524393382732e-12
2.992979127591341517e-12
2.987026090781147012e-12
2.981077425911583109e-12
2.975133144894990496e-12
2.969193259607259388e-12
2.963257781887830740e-12
2.957326723539688570e-12
2.951400096329361578e-12
2.945477911986918701e-12
2.939560182205965880e-12
2.933646918643649699e-12
2.927738132920648499e-12
2.921833836621177220e-12
2.915934041292982965e-12
2.910038758447347416e-12
2.904147999559083205e-12
2.898261776066537547e-12
2.892380099371588604e-12
2.886502980839649525e-12
2.880630431799667234e-12
2.874762463544124448e-12
2.868899087329040490e-12
2.863040314373974108e-12
2.857186155862023079e-12
2.851336622939830667e-12
2.845491726717582796e-12
2.839651478269015726e-12
2.833815888631415647e-12
2.827984968805624335e-12
2.822158729756041977e-12
2.816337182410630407e-12
2.810520337660917948e-12
2.804708206362005067e-12
2.798900799332565994e-12
2.793098127354859623e-12
2.787300201174725881e-12
2.781507031501600263e-12
2.775718629008514648e-12
2.769935004332103348e-12
2.764156168072613211e-12
2.758382130793906448e-12
2.752612903023467902e-12
2.746848495252416358e-12
2.741088917935506964e-12
2.735334181491141736e-12
2.729584296301376018e-12
2.723839272711929386e-12
2.718099121032191710e-12
2.712363851535232845e-12
2.706633474457811518e-12
2.700908000000385425e-12
2.695187438327120113e-12
2.689471799565899491e-12
2.683761093808335107e-12
2.678055331109777873e-12
2.672354521489327345e-12
2.666658674929844251e-12
2.660967801377959775e-12
2.655281910744089293e-12
2.649601012902442470e-12
2.643925117691035780e-12
2.638254234911704622e-12
2.632588374330117055e-12
2.626927545675783894e-12
2.621271758642074865e-12
2.615621022886230319e-12
2.609975348029374965e-12
2.604334743656531199e-12
2.598699219316635256e-12
2.593068784522548121e-12
2.587443448751072892e-12
2.581823221442970938e-12
2.576208112002970784e-12
2.570598129799791134e-12
2.564993284166151776e-12
2.559393584398791350e-12
2.553799039758481491e-12
2.548209659470045808e-12
2.542625452722374827e-12
2.537046428668442957e-12
2.531472596425328282e-12
2.525903965074223463e-12
2.520340543660460782e-12
2.514782341193526679e-12
2.509229366647080339e-12
2.503681628958969836e-12
2.498139137031254764e-12
2.492601899730221574e-12
2.487069925886406604e-12
2.481543224294610615e-12
2.476021803713921412e-12
2.470505672867735650e-12
2.464994840443773783e-12
2.459489315094103490e-12
2.453989105435161076e-12
2.448494220047770461e-12
2.443004667477166199e-12
2.437520456233011252e-12
2.432041594789423239e-12
2.426568091584992616e-12
2.421099955022806908e-12
2.415637193470470902e-12
2.410179815260131692e-12
2.404727828688499275e-12
2.399281242016870382e-12
2.393840063471153924e-12
2.388404301241887955e-12
2.382973963484271580e-12
2.377549058318183532e-12
2.372129593828209239e-12
2.366715578063661416e-12
2.361307019038608342e-12
2.355903924731898901e-12
2.350506303087183987e-12
2.345114162012945585e-12
2.339727509382521814e-12
2.334346353034130352e-12
2.328970700770897516e-12
2.323600560360881286e-12
2.318235939537101595e-12
2.312876845997563352e-12
2.307523287405285928e-12
2.302175271388328598e-12
2.296832805539820433e-12
2.291495897417985744e-12
2.286164554546171546e-12
2.280838784412878660e-12
2.275518594471785946e-12
2.270203992141781805e-12
2.264894984806992051e-12
2.259591579816808182e-12
2.254293784485919289e-12
2.249001606094337905e-12
2.243715051887430698e-12
2.238434129075949981e-12
2.233158844836062787e-12
2.227889206309379954e-12
2.222625220602988029e-12
2.217366894789481582e-12
2.212114235906989459e-12
2.206867250959211133e-12
2.201625946915444167e-12
2.196390330710618952e-12
2.191160409245328190e-12
2.185936189385858800e-12
2.180717677964227062e-12
2.175504881778208499e-12
2.170297807591371003e-12
2.165096462133107948e-12
2.159900852098670912e-12
2.154710984149204812e-12
2.149526864911778197e-12
2.144348500979420406e-12
2.139175898911152266e-12
2.134009065232023654e-12
2.128848006433145403e-12
2.123692728971722826e-12
2.118543239271095301e-12
2.113399543720767769e-12
2.108261648676442649e-12
2.103129560460064260e-12
2.098003285359845483e-12
2.092882829630307743e-12
2.087768199492319383e-12
2.082659401133124338e-12
2.077556440706386565e-12
2.072459324332221949e-12
2.067368058097237483e-12
2.062282648054566406e-12
2.057203100223907382e-12
2.052129420591559234e-12
2.047061615110462546e-12
2.041999689700233185e-12
2.036943650247202693e-12
2.031893502604457059e-12
2.026849252591873073e-12
2.021810905996159922e-12
2.016778468570893526e-12
2.011751946036560561e-12
2.006731344080593598e-12
2.001716668357413510e-12
1.996707924488467849e-12
1.991705118062269610e-12
1.986708254634438035e-12
1.981717339727739803e-12
1.976732378832128614e-12
1.971753377404785580e-12
1.966780340870158806e-12
1.961813274620006606e-12
1.956852184013437492e-12
1.951897074376951771e-12
1.946947951004483149e-12
1.942004819157439927e-12
1.937067684064746202e-12
1.932136550922885886e-12
1.927211424895943909e-12
1.922292311115648625e-12
1.917379214681414220e-12
1.912472140660384339e-12
1.907571094087473680e-12
1.902676079965413234e-12
1.897787103264791886e-12
1.892904168924100441e-12
1.888027281849776050e-12
1.883156446916245025e-12
1.878291668965967266e-12
1.873432952809482309e-12
1.868580303225450517e-12
1.863733724960700344e-12
1.858893222730271947e-12
1.854058801217462431e-12
1.849230465073871483e-12
1.844408218919446207e-12
1.839592067342526361e-12
1.834782014899891209e-12
1.829978066116803947e-12
1.825180225487058558e-12
1.820388497473026664e-12
1.815602886505702963e-12
1.810823396984752281e-12
1.806050033278555420e-12
1.801282799724256814e-12
1.796521700627813803e-12
1.791766740264039852e-12
1.787017922876653628e-12
1.782275252678328468e-12
1.777538733850736617e-12
1.772808370544601320e-12
1.768084166879741866e-12
1.763366126945122453e-12
1.758654254798902272e-12
1.753948554468481554e-12
1.749249029950552864e-12
1.744555685211148356e-12
1.739868524185690259e-12
1.735187550779038741e-12
1.730512768865542599e-12
1.725844182289088327e-12
1.721181794863150206e-12
1.716525610370839980e-12
1.711875632564957342e-12
1.707231865168039008e-12
1.702594311872412439e-12
1.697962976340242283e-12
1.693337862203583291e-12
1.688718973064432013e-12
1.684106312494776678e-12
1.679499884036648088e-12
1.674899691202173335e-12
1.670305737473624471e-12
1.665718026303472427e-12
1.661136561114437096e-12
1.656561345299542265e-12
1.651992382222164485e-12
1.647429675216088205e-12
1.642873227585556053e-12
1.638323042605323366e-12
1.633779123520710291e-12
1.629241473547654896e-12
1.624710095872766489e-12
1.620184993653378119e-12
1.615666170017601712e-12
1.611153628064379970e-12
1.606647370863542109e-12
1.602147401455855556e-12
1.597653722853081692e-12
1.593166338038029161e-12
1.588685249964609810e-12
1.584210461557891402e-12
1.579741975714153148e-12
1.575279795300941243e-12
1.570823923157122384e-12
1.566374362092940112e-12
1.561931114890071157e-12
1.557494184301677540e-12
1.553063573052465137e-12
1.548639283838739217e-12
1.544221319328459369e-12
1.539809682161295447e-12
1.535404374948684512e-12
1.531005400273887989e-12
1.526612760692046395e-12
1.522226458730237293e-12
1.517846496887531036e-12
1.513472877635049733e-12
1.509105603416021572e-12
1.504744676645840397e-12
1.500390099712121647e-12
1.496041874974761123e-12
1.491700004765992541e-12
1.487364491390443679e-12
1.483035337125196754e-12
1.478712544219844971e-12
1.474396114896551489e-12
1.470086051350107385e-12
1.465782355747990415e-12
1.461485030230424392e-12
1.457194076910437343e-12
1.452909497873920078e-12
1.448631295179686367e-12
1.444359470859531507e-12
1.440094026918292301e-12
1.435834965333906227e-12
1.431582288057470612e-12
1.427335997013304625e-12
1.423096094099005829e-12
1.418862581185513991e-12
1.414635460117169046e-12
1.410414732711771475e-12
1.406200400760644509e-12
1.401992466028692691e-12
1.397790930254465491e-12
1.393595795150214863e-12
1.389407062401959059e-12
1.385224733669543008e-12
1.381048810586699717e-12
1.376879294761111453e-12
1.372716187774472352e-12
1.368559491182548799e-12
1.364409206515242234e-12
1.360265335276651961e-12
1.356127878945136335e-12
1.351996838973375366e-12
1.347872216788433326e-12
1.343754013791820946e-12
1.339642231359559436e-12
1.335536870842241674e-12
1.331437933565096626e-12
1.327345420828052762e-12
1.323259333905799243e-12
1.319179674047852363e-12
1.315106442478616335e-12
1.311039640397449126e-12
1.306979268978725267e-12
1.302925329371900064e-12
1.298877822701574030e-12
1.294836750067557297e-12
1.290802112544933235e-12
1.286773911184123480e-12
1.282752147010951949e-12
1.278736821026712494e-12
1.274727934208230090e-12
1.270725487507927079e-12
1.266729481853890415e-12
1.262739918149934873e-12
1.258756797275669294e-12
1.254780120086561805e-12
1.250809887414006472e-12
1.246846100065387914e-12
1.242888758824149773e-12
1.238937864449857512e-12
1.234993417678267484e-12
1.231055419221392165e-12
1.227123869767566992e-12
1.223198769981517012e-12
1.219280120504424733e-12
1.215367921953994751e-12
1.211462174924523619e-12
1.207562879986965486e-12
1.203670037689000149e-12
1.199783648555099899e-12
1.195903713086597581e-12
1.192030231761755453e-12
1.188163205035832037e-12
1.184302633341149562e-12
1.180448517087163846e-12
1.176600856660531136e-12
1.172759652425178590e-12
1.168924904722370717e-12
1.165096613870779252e-12
1.161274780166552222e-12
1.157459403883382810e-12
1.153650485272578220e-12
1.149848024563128743e-12
1.146052021961779652e-12
1.142262477653096630e-12
1.138479391799539281e-12
1.134702764541529796e-12
1.130932595997521205e-12
1.127168886264070689e-12
1.123411635415907635e-12
1.119660843506004923e-12
1.115916510565649003e-12
1.112178636604511590e-12
1.108447221610719530e-12
1.104722265550926095e-12
1.101003768370382470e-12
1.097291729993009245e-12
1.093586150321466890e-12
1.089887029237227854e-12
1.086194366600648865e-12
1.082508162251041808e-12
1.078828416006746834e-12
1.075155127665202639e-12
1.071488297003021586e-12
1.067827923776059378e-12
1.064174007719489174e-12
1.060526548547875098e-12
1.056885545955242112e-12
1.053250999615151950e-12
1.049622909180776223e-12
1.046001274284967706e-12
1.042386094540334655e-12
1.038777369539316135e-12
1.035175098854253308e-12
1.031579282037464353e-12
1.027989918621319796e-12
1.024407008118313795e-12
1.020830550021142298e-12
1.017260543802774325e-12
1.013696988916527705e-12
1.010139884796145205e-12
1.006589230855867437e-12
1.003045026490509194e-12
9.995072710755347741e-13
9.959759639671331089e-13
9.924511045022932900e-13
9.889326919988811078e-13
9.854207257557131670e-13
9.819152050526356462e-13
9.784161291505984129e-13
9.749234972917313601e-13
9.714373086994231663e-13
9.679575625783956122e-13
9.644842581147819368e-13
9.610173944762027701e-13
9.575569708118444891e-13
9.541029862525359578e-13
9.506554399108262781e-13
9.472143308810621351e-13
9.437796582394665576e-13
9.403514210442158604e-13
9.369296183355188078e-13
9.335142491356945657e-13
9.301053124492506541e-13
9.267028072629633220e-13
9.233067325459550960e-13
9.199170872497741458e-13
9.165338703084738518e-13
9.131570806386917673e-13
9.097867171397297915e-13
9.064227786936335357e-13
9.030652641652730013e-13
8.997141724024214408e-13
8.963695022358372480e-13
8.930312524793428187e-13
8.896994219299070465e-13
8.863740093677249917e-13
8.830550135562990644e-13
8.797424332425209147e-13
8.764362671567523127e-13
8.731365140129071402e-13
8.698431725085328760e-13
8.665562413248930925e-13
8.632757191270497496e-13
8.600016045639448824e-13
8.567338962684838043e-13
8.534725928576183098e-13
8.502176929324286651e-13
8.469691950782077203e-13
8.437270978645440103e-13
8.404913998454054633e-13
8.372620995592235117e-13
8.340391955289764968e-13
8.308226862622744876e-13
8.276125702514438966e-13
8.244088459736115918e-13
8.212115118907901185e-13
8.180205664499631237e-13
8.148360080831704774e-13
8.116578352075933937e-13
8.084860462256411676e-13
8.053206395250363976e-13
8.021616134789017219e-13
7.990089664458457479e-13
7.958626967700506978e-13
7.927228027813583374e-13
7.895892827953577228e-13
7.864621351134724423e-13
7.833413580230487665e-13
7.802269497974422843e-13
7.771189086961076692e-13
7.740172329646859207e-13
7.709219208350930196e-13
7.678329705256099975e-13
7.647503802409701778e-13
7.616741481724502548e-13
7.586042724979591513e-13
7.555407513821278848e-13
7.524835829764003442e-13
7.494327654191224494e-13
7.463882968356346439e-13
7.433501753383611560e-13
7.403183990269024910e-13
7.372929659881260054e-13
7.342738742962584999e-13
7.312611220129773991e-13
7.282547071875044559e-13
7.252546278566966279e-13
7.222608820451407913e-13
7.192734677652455266e-13
7.162923830173355293e-13
7.133176257897446072e-13
7.103491940589110001e-13
7.073870857894704777e-13
7.044312989343520638e-13
7.014818314348725473e-13
6.985386812208316005e-13
6.956018462106082094e-13
6.926713243112562959e-13
6.897471134186005427e-13
6.868292114173334294e-13
6.839176161811125714e-13
6.810123255726572516e-13
6.781133374438466679e-13
6.752206496358172727e-13
6.723342599790619294e-13
6.694541662935276553e-13
6.665803663887153841e-13
6.637128580637787192e-13
6.608516391076240992e-13
6.579967072990109651e-13
6.551480604066515223e-13
6.523056961893122201e-13
6.494696123959150282e-13
6.466398067656384117e-13
6.438162770280196171e-13
6.409990209030572629e-13
6.381880361013138277e-13
6.353833203240185435e-13
6.325848712631717016e-13
6.297926866016477475e-13
6.270067640133003949e-13
6.242271011630666292e-13
6.214536957070726295e-13
6.186865452927389835e-13
6.159256475588867107e-13
6.131710001358442947e-13
6.104226006455540093e-13
6.076804467016794560e-13
6.049445359097132022e-13
6.022148658670858339e-13
5.994914341632739974e-13
5.967742383799098559e-13
5.940632760908905451e-13
5.913585448624889423e-13
5.886600422534638290e-13
5.859677658151708614e-13
5.832817130916748540e-13
5.806018816198616591e-13
5.779282689295503486e-13
5.752608725436072143e-13
5.725996899780588590e-13
5.699447187422067011e-13
5.672959563387419841e-13
5.646534002638601807e-13
5.620170480073781226e-13
5.593868970528491110e-13
5.567629448776810568e-13
5.541451889532533075e-13
5.515336267450351907e-13
5.489282557127042552e-13
5.463290733102658245e-13
5.437360769861732567e-13
5.411492641834478012e-13
5.385686323398000706e-13
5.359941788877519163e-13
5.334259012547589105e-13
5.308637968633324241e-13
5.283078631311648341e-13
5.257580974712525108e-13
5.232144972920216315e-13
5.206770599974535903e-13
5.181457829872109129e-13
5.156206636567653930e-13
5.131016993975247140e-13
5.105888875969615948e-13
5.080822256387428348e-13
5.055817109028588640e-13
5.030873407657553125e-13
5.005991126004630646e-13
4.981170237767320504e-13
4.956410716611627138e-13
4.931712536173404091e-13
4.907075670059702016e-13
4.882500091850115676e-13
4.857985775098151126e-13
4.833532693332589884e-13
4.809140820058871261e-13
4.784810128760475708e-13
4.760540592900321295e-13
4.736332185922172293e-13
4.712184881252040700e-13
4.688098652299621087e-13
4.664073472459708269e-13
4.640109315113649320e-13
4.616206153630787500e-13
4.592363961369917296e-13
4.568582711680761672e-13
4.544862377905443266e-13
4.521202933379974261e-13
4.497604351435759894e-13
4.474066605401097918e-13
4.450589668602707358e-13
4.427173514367246147e-13
4.403818116022865123e-13
4.380523446900747379e-13
4.357289480336675382e-13
4.334116189672600617e-13
4.311003548258235448e-13
4.287951529452640427e-13
4.264960106625832818e-13
4.242029253160411270e-13
4.219158942453180490e-13
4.196349147916799649e-13
4.173599842981434826e-13
4.150911001096428611e-13
4.128282595731982341e-13
4.105714600380844891e-13
4.083206988560026203e-13
4.060759733812511836e-13
4.038372809709002741e-13
4.016046189849654046e-13
3.993779847865847652e-13
3.971573757421957768e-13
3.949427892217146741e-13
3.927342225987167942e-13
3.905316732506183817e-13
3.883351385588603608e-13
3.861446159090930178e-13
3.839601026913624997e-13
3.817815963002990814e-13
3.796090941353068453e-13
3.774425936007549263e-13
3.752820921061704232e-13
3.731275870664333296e-13
3.709790759019725747e-13
3.688365560389645897e-13
3.667000249095323781e-13
3.645694799519479688e-13
3.624449186108354251e-13
3.603263383373764281e-13
3.582137365895170714e-13
3.561071108321774843e-13
3.540064585374624631e-13
3.519117771848746790e-13
3.498230642615297018e-13
3.477403172623728427e-13
3.456635336903986213e-13
3.435927110568717478e-13
3.415278468815506291e-13
3.394689386929128952e-13
3.374159840283828430e-13
3.353689804345621627e-13
3.333279254674615727e-13
3.312928166927357860e-13
3.292636516859204972e-13
3.272404280326715397e-13
3.252231433290071228e-13
3.232117951815518862e-13
3.212063812077839334e-13
3.192068990362841878e-13
3.172133463069885754e-13
3.152257206714426818e-13
3.132440197930592869e-13
3.112682413473786764e-13
3.092983830223313768e-13
3.073344425185044744e-13
3.053764175494100054e-13
3.034243058417571816e-13
3.014781051357266872e-13
2.995378131852488629e-13
2.976034277582848174e-13
2.956749466371101153e-13
2.937523676186026536e-13
2.918356885145332156e-13
2.899249071518592552e-13
2.880200213730229220e-13
2.861210290362515608e-13
2.842279280158624515e-13
2.823407162025707299e-13
2.804593915038017013e-13
2.785839518440055260e-13
2.767143951649775097e-13
2.748507194261805649e-13
2.729929226050731745e-13
2.711410026974400826e-13
2.692949577177276301e-13
2.674547856993838352e-13
2.656204846952018070e-13
2.637920527776680054e-13
2.619694880393148432e-13
2.601527885930780838e-13
2.583419525726580769e-13
2.565369781328868499e-13
2.547378634500988347e-13
2.529446067225071481e-13
2.511572061705850217e-13
2.493756600374514731e-13
2.475999665892631359e-13
2.458301241156105333e-13
2.440661309299206619e-13
2.423079853698639180e-13
2.405556857977677381e-13
2.388092306010352886e-13
2.370686181925702644e-13
2.353338470112075938e-13
2.336049155221502029e-13
2.318818222174116862e-13
2.301645656162662984e-13
2.284531442657041456e-13
2.267475567408937485e-13
2.250478016456513450e-13
2.233538776129166051e-13
2.216657833052358930e-13
2.199835174152523964e-13
2.183070786662036511e-13
2.166364658124265638e-13
2.149716776398702092e-13
2.133127129666161000e-13
2.116595706434068874e-13
2.100122495541828119e-13
2.083707486166267115e-13
2.067350667827176380e-13
2.051052030392927533e-13
2.034811564086185905e-13
2.018629259489711765e-13
2.002505107552256448e-13
1.986439099594548871e-13
1.970431227315385281e-13
1.954481482797815945e-13
1.938589858515430543e-13
1.922756347338752863e-13
1.906980942541737732e-13
1.891263637808380536e-13
1.875604427239433014e-13
1.860003305359239714e-13
1.844460267122683756e-13
1.828975307922258563e-13
1.813548423595257470e-13
1.798179610431092088e-13
1.782868865178734350e-13
1.767616185054293112e-13
1.752421567748726561e-13
1.737285011435685387e-13
1.722206514779506907e-13
1.707186076943344249e-13
1.692223697597450022e-13
1.677319376927609171e-13
1.662473115643726336e-13
1.647684914988575510e-13
1.632954776746710260e-13
1.618282703253543072e-13
1.603668697404595851e-13
1.589112762664927627e-13
1.574614903078741495e-13
1.560175123279176837e-13
1.545793428498294917e-13
1.531469824577254299e-13
1.517204317976691753e-13
1.502996915787305361e-13
1.488847625740650679e-13
1.474756456220152980e-13
1.460723416272339372e-13
1.446748515618305180e-13
1.432831764665410283e-13
1.418973174519217300e-13
1.405172756995680689e-13
1.391430524633584999e-13
1.377746490707250455e-13
1.364120669239504605e-13
1.350553075014930897e-13
1.337043723593402244e-13
1.323592631323906166e-13
1.310199815358673092e-13
1.296865293667610121e-13
1.283589085053059661e-13
1.270371209164878918e-13
1.257211686515862186e-13
1.244110538497509484e-13
1.231067787396149866e-13
1.218083456409439085e-13
1.205157569663230869e-13
1.192290152228844014e-13
1.179481230140729587e-13
1.166730830414556157e-13
1.154038981065721906e-13
1.141405711128306726e-13
1.128831050674484251e-13
1.116315030834400653e-13
1.103857683816538486e-13
1.091459042928581106e-13
1.079119142598794340e-13
1.066838018397942049e-13
1.054615707061748220e-13
1.042452246513934224e-13
1.030347675889836684e-13
1.018302035560638630e-13
1.006315367158223793e-13
9.943877136006826860e-14
9.825191191184875150e-14
9.707096292813621689e-14
9.589592910258697586e-14
9.472681526837435777e-14
9.356362640109863518e-14
9.240636762177661733e-14
9.125504419991384052e-14
9.010966155666186714e-14
8.897022526806446724e-14
8.783674106839529533e-14
8.670921485359088679e-14
8.558765268478216730e-14
8.447206079192831220e-14
8.336244557755699476e-14
8.225881362061457013e-14
8.116117168043102915e-14
8.006952670080358408e-14
7.898388581420394785e-14
7.790425634611374948e-14
7.683064581949375300e-14
7.576306195939143618e-14
7.470151269769330324e-14
7.364600617802720725e-14
7.259655076082123313e-14
7.155315502852528785e-14
7.051582779100259238e-14
6.948457809109782800e-14
6.845941521038978772e-14
6.744034867513616890e-14
6.642738826241907741e-14
6.542054400649981343e-14
6.441982620539241777e-14
6.342524542766553354e-14
6.243681251948284460e-14
6.145453861189322313e-14
6.047843512838166838e-14
5.950851379269341845e-14
5.854478663694404624e-14
5.758726601002869146e-14
5.663596458634537285e-14
5.569089537484694622e-14
5.475207172843819854e-14
5.381950735373487777e-14
5.289321632120285897e-14
5.197321307569655604e-14
5.105951244741691286e-14
5.015212966331085353e-14
4.925108035893488585e-14
4.835638059080762175e-14
4.746804684927725359e-14
4.658609607193176036e-14
4.571054565758154299e-14
4.484141348084626398e-14
4.397871790737950310e-14
4.312247780976771257e-14
4.227271258414186063e-14
4.142944216754348494e-14
4.059268705608933828e-14
3.976246832398255138e-14
3.893880764342118501e-14
3.812172730545932846e-14
3.731125024187989631e-14
3.650740004814276263e-14
3.571020100747674335e-14
3.491967811618969357e-14
3.413585711027657129e-14
3.335876449341194580e-14
3.258842756642049685e-14
3.182487445832699006e-14
3.106813415909578423e-14
3.031823655417928490e-14
2.957521246100537401e-14
2.883909366754549472e-14
2.810991297311754153e-14
2.738770423159223263e-14
2.667250239718739749e-14
2.596434357305176159e-14
2.526326506285986701e-14
2.456930542566116415e-14
2.388250453425094761e-14
2.320290363735792117e-14
2.253054542597412181e-14
2.186547410418716950e-14
2.120773546491393072e-14
2.055737697097860732e-14
1.991444784202808368e-14
1.927899914783400849e-14
1.865108390859540498e-14
1.803075720292929225e-14
1.741807628432078593e-14
1.681310070690089847e-14
1.621589246153142244e-14
1.562651612330461531e-14
1.504503901171448643e-14
1.447153136492914614e-14
1.390606652979579449e-14
1.334872116944619547e-14
1.279957549064835417e-14
1.225871349337833560e-14
1.172622324547508524e-14
1.120219718570454449e-14
1.068673245911404724e-14
1.017993128922524422e-14
9.681901392420978967e-15
9.192756440863541341e-15
8.712616581483787987e-15
8.241609020061323290e-15
7.779868681253324242e-15
7.327538957725542172e-15
6.884772564431859598e-15
6.451732517764132284e-15
6.028593264007433726e-15
5.615541987640361795e-15
5.212780138012247467e-15
4.820525223516283914e-15
4.439012936582853930e-15
4.068499692147208979e-15
3.709265688959048741e-15
3.361618640657487394e-15
3.025898377352062961e-15
2.702482597238896123e-15
2.391794165949941766e-15
2.094310543512666075e-15
1.810576208691891737e-15
1.541219429073827924e-15
1.286975550372942347e-15
1.048720476855012062e-15
8.275209142456951640e-16
6.247140222604242388e-16
4.420432436405517499e-16
2.819148727610925872e-16
1.479646405584065021e-16
4.671462920720759407e-17
